19007683 salon 31.230415 121.473701 5301507
19050404 salon 31.213264 121.454277 170920
19131006 salon 31.223078 121.477547 501156
19185731 party 31.222712 121.476089 30761167
19186838 party 31.179974 121.437523 501156
19265411 party 31.202597 121.462936 160173
19419474 travel 31.180864 121.437553 3461996
19430982 commonweal 31.231152 121.536079 501156
19546903 exhibition 31.253019 121.513893 60470197
19595190 party 31.26956 121.478455 66183931
19639138 salon 31.251331 121.57428 216726
19640614 party 31.281679 121.449944 118676
19657602 sports 31.277414 121.481895 33004349
19690687 party 35.585571 118.919624 2364066
19690835 party 35.580616 118.902969 2364066
19690949 party 35.582989 118.907173 2364066
19762870 drama 32.175613 121.201172 4654476
19795089 sports 31.209686 121.526131 51942318
19807817 party 31.23284 121.480209 186379
19826901 drama 35.550453 118.917473 165938
19827770 drama 35.550385 118.91378 165938
19848155 drama 35.550873 118.917732 3139808
19860877 party 31.213242 121.412445 42608400
19870036 others 39.919277 116.463264 183683
19881111 party 31.223003 121.478661 4643885
19929040 drama 31.270115 121.455917 4205549
19953472 party 31.224472 121.447678 149973
19967995 commonweal 31.263659 121.584579 77842162
19969543 party 31.211269 121.48233 160364
19980485 drama 31.236794 121.476547 121265
20005298 party 31.232986 121.480377 186379
20021997 exhibition 39.941322 116.464882 37945367
20027036 party 31.214113 121.477005 77682619
20031331 commonweal 31.204535 121.465103 34196655
20036784 others 31.234528 121.576424 51315303
20036899 party 31.236668 121.443687 63405346
20071837 others 31.304277 121.511368 165840
20096099 party 31.23316 121.46405 52652219
20103100 exhibition 31.253019 121.513893 60470197
20106548 sports 31.25952 121.578339 22176826
20130213 travel 31.111238 121.385086 58265054
20179057 travel 31.198698 121.436554 192769
20180059 party 31.053877 121.232811 48254158
20189067 sports 31.214113 121.477005 223238
20194672 salon 31.207443 121.444672 1449319
20198737 party 31.201645 121.447815 63406064
20211941 party 31.19986 121.429443 3669601
20219980 salon 35.342434 118.973518 79758421
20260164 party 31.25588 121.489738 100181
20260319 party 35.572624 118.894539 63406536
20284037 party 31.215298 121.419952 76019894
20284093 exhibition 31.210819 121.566208 70950277
20284172 party 31.227335 121.524582 76019894
20286648 commonweal 31.233271 121.553162 28065679
20312329 music 31.181475 121.438385 502342
20330199 party 31.19516 121.466881 79225138
20330967 sports 31.211824 121.549942 1872327
20347465 travel 31.272682 121.48407 4874669
20353314 sports 31.259035 121.57737 76019894
20360164 commonweal 31.232824 121.480103 186379
20377977 exhibition 31.225758 121.452484 70950277
20397165 party 31.235041 121.490677 500584
20398149 salon 31.213264 121.454277 42608400
20413247 party 31.235994 121.472054 3642479
20476536 exhibition 31.307652 121.513039 165840
20482541 others 31.192183 121.439346 219297
20485500 exhibition 31.186617 121.488792 3858884
20493978 salon 31.213264 121.454277 170920
20495894 party 31.222099 121.403 49516570
20496477 salon 31.238564 121.487762 501156
20527223 others 31.226685 121.459938 125845
20531478 film 31.231104 121.468895 500260
20540600 exhibition 31.181387 121.490189 81275676
20552267 drama 31.236794 121.476547 157835
20557546 music 31.222773 121.541428 502550
20557560 music 31.227554 121.474884 502550
20557616 music 31.227407 121.47686 502550
20557655 music 31.231224 121.535484 502550
20565979 commonweal 31.214693 121.476837 1316086
20569797 drama 31.213736 121.441223 4654476
20575279 party 31.218857 121.417908 78258308
20588566 sports 31.178427 121.406898 501156
20588691 party 31.231298 121.536224 501156
20593122 music 31.222765 121.541359 502682
20593141 music 31.222765 121.541359 502682
20593178 music 31.222765 121.541359 502682
20606510 salon 31.221096 121.473488 77441551
20611655 party 31.215788 121.465057 2776418
20621781 salon 31.214113 121.477005 223238
20622649 music 31.231104 121.468895 500260
20626491 sports 31.228046 121.451378 55895095
20628587 film 31.231104 121.468895 500260
20631746 party 31.184683 121.494781 42961777
20639587 music 31.18902 121.493179 502342
20639605 exhibition 31.231104 121.468895 500260
20644496 music 31.198696 121.422745 500379
20650904 others 31.188353 121.443146 74369225
20654432 music 35.55632 118.91172 181336
20655805 commonweal 31.207432 121.444717 74677042
20658624 music 31.189005 121.493172 121265
20658660 salon 31.238371 121.468651 229506
20659470 music 31.222704 121.460136 100599
20662100 party 30.820341 121.519508 71675237
20662256 salon 31.216179 121.405029 133075
20664679 drama 31.233133 121.448021 500141
20664742 drama 31.235031 121.452477 500141
20669964 film 31.231104 121.468895 500260
20671062 film 31.231104 121.468895 500260
20673108 party 31.193258 121.439713 32749275
20681192 party 31.226685 121.459938 125845
20681979 salon 31.223003 121.477547 501156
20682002 sports 31.184755 121.494972 501156
20687062 drama 31.213736 121.441223 216004
20689118 party 31.241095 121.437553 26600233
20693098 exhibition 31.224611 121.452927 76300301
20695482 music 31.149513 121.808205 2965453
20697971 salon 31.215551 121.433701 2725334
20699042 sports 31.231886 121.456085 47998414
20699065 sports 31.231886 121.456085 47998414
20699074 sports 31.231886 121.456085 47998414
20701868 drama 31.213736 121.441223 157835
20702156 party 31.230392 121.473701 120854
20702177 drama 31.213736 121.441223 157835
20703881 drama 31.235031 121.452477 165938
20706066 music 31.188946 121.493179 502342
20706848 party 31.228527 121.442627 229611
20712676 others 31.220478 121.452011 1035286
20714900 salon 31.206856 121.4851 71669947
20715583 party 35.592274 118.87413 63406182
20718644 music 31.249104 121.422287 1555682
20718669 salon 31.228935 121.413261 60733629
20719051 salon 31.228935 121.413261 60733629
20719093 salon 31.228935 121.413261 60733629
20722283 drama 31.213736 121.441223 57714681
20728213 music 31.189005 121.493172 121265
20730176 others 31.239944 121.437355 80701326
20730579 exhibition 31.233793 121.443474 230236
20731193 music 31.249174 121.440094 500379
20734008 drama 31.222773 121.541428 3139808
20738981 commonweal 31.235334 121.471024 28065679
20739016 drama 31.181515 121.43837 121265
20739393 drama 31.234261 121.477943 57714681
20739557 drama 31.235031 121.452477 57714681
20740844 drama 31.235027 121.452507 121110
20741246 sports 31.207006 121.472412 147263
20742814 party 31.255661 121.500977 501156
20743921 drama 31.213736 121.441223 165938
20744460 party 31.206579 121.449287 77370767
20746012 drama 31.234261 121.477943 2661762
20746158 salon 31.223602 121.421982 229298
20747895 drama 31.242805 121.445015 121265
20754231 music 31.249174 121.440094 500379
20754241 drama 31.234261 121.477943 121110
20755012 music 31.209805 121.47197 500379
20756675 music 39.458595 116.934875 2661762
20757176 music 31.269573 121.480209 121265
20757708 music 31.269573 121.480209 157835
20757735 music 31.270233 121.480103 502342
20761945 exhibition 31.223261 121.472351 2137403
20762015 party 31.254234 121.364357 3728672
20762183 others 31.3039 121.509155 165840
20762361 party 31.254234 121.364357 3728672
20763879 music 31.189161 121.493294 2661762
20763975 music 31.188946 121.493179 42516740
20764401 music 31.189005 121.493172 157835
20769824 exhibition 31.222715 121.473267 143406
20773626 music 31.189161 121.493294 2661762
20777269 salon 31.201303 121.431877 122706
20778102 party 31.211378 121.48259 160364
20778355 party 31.211365 121.482559 160364
20780237 salon 31.251331 121.57428 216726
20782993 party 31.111452 121.385056 57379877
20783783 party 31.224228 121.4776 500586
20784537 exhibition 31.231104 121.468895 500260
20786765 sports 31.037859 120.94445 44349220
20787158 party 31.213806 121.445457 212999
20787963 party 31.115002 121.385796 74677042
20788345 music 31.188946 121.493179 502342
20795251 party 31.23955 121.404617 231666
20795272 salon 31.239426 121.404633 231666
20796275 drama 31.235031 121.452477 3139808
20797942 commonweal 31.229753 121.459671 500234
20798093 salon 31.222395 121.456543 53355786
20800037 music 31.189005 121.493172 121265
20801038 music 31.249104 121.422287 1555682
20801855 music 31.189005 121.493172 121265
20802205 party 31.233135 121.473892 198733
20802543 drama 31.235031 121.452477 165938
20804743 drama 31.221205 121.460411 165938
20807589 music 31.189005 121.493172 121265
20808601 commonweal 31.215551 121.433701 2725334
20808747 party 26.568991 106.711548 55447283
20809081 commonweal 31.241682 121.372314 56594623
20811053 drama 31.222773 121.541428 172258
20812338 music 31.249174 121.440094 500379
20813180 music 31.240021 121.466095 118676
20813871 music 31.196657 121.439095 58619884
20814613 party 31.223003 121.478661 4643885
20817896 salon 31.215902 121.421989 219009
20818473 salon 31.266834 121.480385 19318006
20818599 party 31.203405 121.45845 66008081
20823763 exhibition 31.222683 121.473259 74696827
20826387 exhibition 35.532295 118.947083 197989
20829608 drama 31.235031 121.452477 121265
20834684 party 31.22949 121.432144 130805
20834830 salon 31.213264 121.454277 170920
20835285 salon 31.213264 121.454277 170920
20835988 music 31.222799 121.541397 195459
20836617 party 31.192539 121.451286 64122046
20838411 sports 31.180864 121.437553 3461996
20842543 music 31.222799 121.541397 502682
20842629 music 31.222799 121.541397 502682
20842663 music 31.222799 121.541397 502682
20843045 music 31.222769 121.541428 502682
20843110 music 31.222769 121.541428 502682
20843238 drama 31.108286 121.38533 502166
20843278 music 31.222769 121.541428 502682
20844467 music 31.108286 121.38533 502166
20845182 salon 31.196657 121.439095 58619884
20846207 drama 31.213736 121.441223 4654476
20850922 music 31.184242 121.438408 121265
20851558 party 31.192499 121.440002 124857
20852416 music 31.248716 121.439423 500379
20854187 music 31.181475 121.442123 502342
20856835 music 31.189005 121.493172 33467599
20857062 music 31.189005 121.493172 33467599
20862497 exhibition 31.186111 121.425385 116681
20863189 commonweal 31.216179 121.405029 133075
20866308 exhibition 31.184057 121.493965 37207436
20866946 exhibition 31.17734 121.494499 501220
20868844 commonweal 31.19173 121.432007 54544021
20869201 salon 31.215902 121.421989 219009
20869253 salon 31.215902 121.421989 219009
20869303 party 31.219408 121.476173 501156
20869968 party 31.215637 121.465744 4369982
20871755 film 31.298527 121.501427 194824
20874439 exhibition 31.201441 121.498489 197989
20875933 music 31.198696 121.422745 500379
20876269 music 31.226978 121.477859 195459
20876484 party 38.020107 114.537239 79007492
20876533 party 31.211958 121.45314 83431215
20877419 party 31.228134 121.455757 79060449
20878345 commonweal 31.29047 121.483253 1137998
20878411 party 31.216311 121.422577 1137998
20878555 party 31.216311 121.422577 1137998
20879442 travel 31.234394 121.442238 1137998
20879522 music 31.222773 121.541428 3139808
20880052 music 31.18898 121.49321 2661762
20880621 party 31.236784 121.443642 56857078
20881049 exhibition 31.243553 121.487564 2196111
20881163 music 31.222773 121.541428 121265
20887130 drama 31.221205 121.460411 3139808
20889592 sports 31.214211 121.552948 68272165
20890477 party 31.214211 121.552948 68272165
20892247 sports 31.235775 121.453018 14117405
20892259 party 31.205933 121.468491 4329705
20894558 film 31.227482 121.474625 230129
20899345 drama 31.220892 121.460419 165938
20901748 party 31.218746 121.418068 4186627
20904073 music 35.59367 118.855934 502352
20905494 music 31.231104 121.468895 500260
20906740 drama 31.209389 121.464073 500109
20909758 party 31.236784 121.443642 56857200
20909761 party 31.186518 121.443382 121981
20910234 commonweal 31.227776 121.55909 121981
20914999 party 31.211039 121.48233 160364
20917634 party 31.236784 121.443642 83888775
20917725 party 31.218363 121.487907 192769
20917937 music 31.272352 121.513275 187542
20918436 travel 31.210012 121.440552 192769
20920901 travel 31.197666 121.424248 192769
20924878 film 31.186546 121.438255 1246584
20931965 commonweal 31.194513 121.437531 218994
20935865 travel 31.230932 121.47554 503058
20936111 exhibition 31.223091 121.473351 121265
20939719 party 31.236685 121.44371 84200935
20940288 music 31.249174 121.440094 500379
20940517 music 31.209805 121.47197 500379
20942609 music 31.209003 121.416771 501152
20943019 salon 31.211775 121.391632 52641848
20943055 travel 35.578102 118.901169 161204
20943287 travel 35.566303 118.914642 161204
20944080 music 31.209805 121.47197 501152
20944366 music 31.209805 121.47197 501152
20945544 others 31.299822 121.503296 110452
20946043 travel 31.233349 121.474274 181534
20946805 sports 31.207443 121.444672 1449319
20946839 others 31.207443 121.444672 1449319
20947092 exhibition 31.174164 121.461815 174685
20948157 exhibition 31.184095 121.494972 3894716
20948779 music 31.231104 121.468895 500260
20956914 sports 31.18248 121.442101 6407890
20963391 others 31.248625 121.447441 218237
20965825 music 31.189005 121.493172 57714681
20967600 music 31.25902 121.482353 500339
20967958 party 31.234821 121.486816 68410982
20976946 sports 31.181892 121.438232 501156
20977058 music 31.209003 121.416771 500028
20977064 party 31.220526 121.430687 77094096
20977926 commonweal 31.174696 121.461754 174685
20982535 music 31.231104 121.468895 500260
20983910 commonweal 31.230415 121.473701 228986
20984572 commonweal 31.208635 121.448631 45387281
20987963 sports 35.786629 118.981934 48382981
20988129 party 31.183231 121.436676 3950606
20989317 party 31.236784 121.443626 56977369
20989647 music 31.181524 121.438408 68124937
20992593 music 35.59325 118.928032 500318
20993134 salon 31.249937 121.484795 63438427
20994065 exhibition 31.287031 121.501678 59104092
20994091 party 31.22983 121.479866 217641
20996627 party 31.209791 121.471542 4706235
20997996 sports 31.224985 121.460426 3402972
20999354 party 31.174847 121.428604 27629403
20999587 party 31.236784 121.443626 56977489
21000502 music 31.239958 121.446648 84476102
21001604 exhibition 35.645786 118.824432 44588362
21001649 commonweal 31.229858 121.522629 222223
21002501 drama 31.114239 121.051399 3139808
21003884 music 31.210819 121.480637 502352
21003995 music 31.209805 121.471924 502352
21008055 sports 31.215839 121.419731 2985221
21009127 party 31.296778 121.508606 66803484
21009142 party 31.296778 121.508606 66803484
21010179 music 31.189018 121.493179 121265
21010355 exhibition 31.219702 121.463516 84466880
21012183 exhibition 31.201385 121.498535 197989
21014836 music 35.551781 118.874687 2661762
21015396 drama 31.210724 121.462601 165938
21016060 commonweal 31.219954 121.425934 228335
21016213 sports 31.207006 121.472412 147263
21016512 sports 31.207006 121.472412 147263
21019588 sports 31.27037 121.479691 18916495
21021772 music 31.222773 121.541428 121265
21022222 exhibition 31.209902 121.565994 61610672
21024578 music 31.22887 121.479065 500980
21024787 music 31.22887 121.479065 500980
21024816 music 31.22887 121.479065 500980
21024932 music 31.22887 121.479065 500980
21025434 salon 31.196211 121.432442 122706
21025833 exhibition 31.219013 121.474876 43797710
21026606 party 31.223003 121.478661 4643885
21027191 party 31.223225 121.473686 33088818
21029083 commonweal 31.164488 121.39798 77398895
21033396 music 31.23494 121.499603 190667
21033815 music 31.189018 121.493179 121265
21035564 music 31.222773 121.541428 57707271
21035597 salon 31.224455 121.431198 145400
21037109 drama 31.235228 121.446556 3848757
21037965 music 31.209805 121.47197 500437
21038465 sports 31.231886 121.456085 47998414
21039052 salon 31.216179 121.405029 133075
21039406 party 31.218746 121.418068 4186627
21041892 exhibition 45.295353 130.989288 3162344
21041920 exhibition 35.580963 118.930946 60135621
21042121 music 31.222773 121.541428 100892
21046981 music 31.189018 121.493179 121265
21049390 party 31.220526 121.430687 77094096
21051214 party 31.224607 121.450218 84712031
21053438 exhibition 31.221775 121.471062 121265
21054309 others 31.223156 121.473724 49002354
21054417 music 31.222773 121.541428 3139808
21054437 drama 31.2139 121.441704 3139808
21057681 salon 31.211113 121.561745 500051
21059046 party 31.225353 121.442352 67039031
21061759 music 31.25902 121.482353 500339
21063162 music 31.209805 121.47197 500437
21063932 exhibition 31.211199 121.452644 500748
21067024 party 35.548779 118.861771 66803484
21068213 sports 31.271509 121.473381 68492653
21068254 sports 31.207006 121.472412 147263
21073378 party 31.201006 121.432693 218261
21077321 exhibition 31.237535 121.474281 84462771
21077980 party 31.216986 121.458748 501755
21078182 salon 31.227711 121.458092 44043575
21082037 film 31.23284 121.464012 54749618
21082614 drama 31.2139 121.441704 121265
21087855 exhibition 31.226685 121.459938 125845
21088354 exhibition 31.247412 121.447815 500324
21088912 others 31.3039 121.509155 165840
21089932 commonweal 31.141388 121.424416 2325432
21090685 party 31.3039 121.509155 165840
21091450 music 31.22887 121.479065 500980
21091506 music 31.22887 121.479065 500980
21093721 music 31.189005 121.493172 121265
21093984 music 31.197018 121.4506 501156
21094538 commonweal 31.224455 121.431198 145400
21095982 salon 35.470318 118.799545 218046
21096199 party 31.261091 121.491707 501156
21098249 commonweal 31.227264 121.47464 501156
21099175 exhibition 31.223434 121.453102 51036910
21100610 music 31.222773 121.541428 172258
21105474 others 31.181515 121.43837 121265
21112750 music 31.209791 121.472374 500437
21113438 music 31.209885 121.47216 500437
21114247 commonweal 31.201424 121.420036 122706
21114266 music 31.271303 121.480797 33467599
21117022 music 31.222555 121.47493 3139808
21118537 party 31.239103 121.505142 59341469
21119074 salon 31.215151 121.403214 133075
21121196 party 31.200504 121.588997 56095755
21123554 music 31.222931 121.490509 501152
21126090 music 31.231077 121.40416 84903503
21126133 sports 31.231298 121.536255 59684616
21127419 music 31.25902 121.482353 500339
21127475 music 31.25902 121.482353 500339
21127659 party 31.217646 121.459518 4886846
21128097 travel 31.239103 121.505142 59341469
21128599 party 31.262846 121.48716 47211623
21130188 exhibition 31.248343 121.449821 221363
21131971 party 31.219627 121.448792 78462625
21133835 music 31.209974 121.472115 500437
21136543 party 31.181471 121.438377 121981
21138496 salon 31.242306 121.484329 74081057
21138590 sports 31.244467 121.50721 85142701
21139033 exhibition 31.243912 121.484703 191449
21140051 party 31.3039 121.509155 165840
21141364 exhibition 31.184738 121.46328 66708685
21143368 commonweal 31.186152 121.443558 121981
21144296 party 31.226685 121.459938 125845
21146126 party 31.194107 121.437218 59600991
21146255 exhibition 31.184738 121.46328 66708685
21146796 travel 30.896988 121.920021 502631
21147110 sports 31.239632 121.400658 43046363
21147171 others 31.222799 121.541397 172258
21147966 music 31.229618 121.471802 3139808
21148569 music 31.261091 121.491798 105857
21148742 drama 31.198486 121.410423 124107
21149298 exhibition 31.247566 121.44873 75944553
21150073 music 31.183245 121.443695 502411
21151854 party 31.10969 121.056297 3245109
21155307 party 31.231104 121.468895 500260
21157713 music 31.25902 121.482353 500339
21160433 salon 31.303457 121.508675 3480162
21161495 others 31.202332 121.43528 501549
21170329 film 31.191896 121.44664 2530730
21172706 exhibition 31.209389 121.464073 210332
21176070 salon 31.249737 121.460442 210618
21181642 exhibition 31.25116 121.596489 52493827
21182857 exhibition 31.211113 121.561745 500051
21182916 sports 31.109682 121.23362 4349929
21184864 music 31.209003 121.416771 500028
21185260 commonweal 31.233444 121.442482 500050
21185414 salon 31.192211 121.541565 67592167
21186012 party 31.214113 121.477005 223238
21186087 music 31.222773 121.541428 195459
21189873 party 31.234873 121.505585 84963896
21190744 commonweal 31.233452 121.491257 205669
21191141 music 31.222773 121.541428 195459
21194752 commonweal 31.344841 121.250694 75274232
21196383 music 31.189005 121.493172 3139808
21197495 music 31.260969 121.491829 103562
21199891 salon 35.542702 118.913956 59849627
21203676 salon 31.201857 121.462967 160173
21204142 music 31.189005 121.493172 33467599
21205966 party 31.221518 121.54438 3567072
21206110 music 31.198696 121.422745 500379
21212618 music 31.222773 121.541428 502682
21212682 music 31.222773 121.541428 502682
21212743 music 31.222773 121.541428 502682
21212764 music 31.222773 121.541428 502682
21212856 music 31.222773 121.541428 502682
21212896 music 31.222773 121.541428 502682
21212960 music 31.222773 121.541428 502682
21214355 music 31.222773 121.541428 3139808
21214366 music 31.222773 121.541428 3139808
21215925 music 31.222773 121.541428 121265
21217862 salon 31.222662 121.478592 126805
21218011 salon 31.231661 121.442574 500926
21218219 salon 31.222662 121.478592 126805
21218285 salon 31.222662 121.478592 126805
21218436 salon 31.222662 121.478592 126805
21219130 commonweal 31.231104 121.468895 500260
21219608 party 31.222691 121.457062 219297
21222301 salon 35.542702 118.913956 59849627
21223948 party 31.211039 121.48233 160364
21224194 party 35.560509 118.912155 50299056
21224337 exhibition 31.240591 121.489952 138411
21224518 music 31.222773 121.541428 121265
21225039 party 31.199881 121.438751 47576802
21229046 party 31.207914 121.468819 222107
21229115 sports 35.55283 118.908981 65221785
21229576 drama 31.234261 121.477943 235303
21230505 music 31.212275 121.77034 65281237
21231162 salon 31.224787 121.455376 500904
21231678 music 31.222773 121.541428 121265
21233155 music 31.226978 121.477859 500527
21233731 party 31.207474 121.500305 4340392
21235974 drama 31.236748 121.476562 121265
21238049 salon 31.222662 121.478592 126805
21239125 commonweal 31.231104 121.468895 500260
21239629 party 31.223003 121.478661 4643885
21239831 drama 31.254744 121.491386 169030
21241421 sports 31.222662 121.478592 126805
21241640 travel 31.63051 121.616425 224965
21243585 commonweal 31.228851 121.457726 502222
21244971 drama 31.234943 121.452469 216587
21247140 music 31.245943 121.567703 3139808
21248332 music 31.212275 121.77034 65281237
21249939 exhibition 31.216225 121.49128 226770
21251166 salon 31.242306 121.484329 74081057
21251509 music 31.18898 121.49321 502411
21251687 music 31.212275 121.77034 57714681
21252320 exhibition 31.343596 121.47197 229988
21259331 exhibition 31.183945 121.477036 2137403
21259845 film 35.598694 118.944168 225765
21261913 travel 31.220478 121.452011 4472670
21266842 music 31.233303 121.462654 184318
21267143 drama 31.213688 121.461533 117601
21267916 drama 31.233862 121.478043 219988
21268818 party 31.188335 121.441978 45621543
21272960 party 31.213205 121.451721 54661646
21274055 exhibition 31.208439 121.469215 86503305
21277402 music 31.243055 121.47216 501273
21279934 drama 31.235031 121.452477 57714681
21280736 drama 31.235031 121.452477 121265
21281139 drama 31.235031 121.452477 3139808
21284012 party 31.192183 121.439339 219297
21284394 music 31.222773 121.541428 502342
21285077 sports 31.224031 121.47789 501156
21287758 drama 31.229673 121.471741 235303
21289344 salon 31.255762 121.490021 236283
21289578 salon 31.255184 121.489738 236283
21290243 commonweal 31.22818 121.456902 53303343
21290706 music 31.212275 121.77034 500032
21291240 party 31.306574 121.51413 154574
21292176 music 31.226978 121.477859 500527
21292879 music 31.189005 121.493172 121265
21293579 drama 31.181204 121.463974 3139808
21293590 drama 31.235031 121.452477 3139808
21294357 party 31.22967 121.476158 4634710
21294822 music 31.222773 121.541428 230367
21295037 exhibition 31.308487 121.546211 2316877
21295306 sports 35.56498 118.924088 65221785
21295364 music 31.222773 121.541428 230367
21295562 music 31.222773 121.541428 230367
21295780 commonweal 31.23461 121.507721 86728612
21296385 drama 25.845804 114.947144 172258
21296970 sports 31.280373 121.499161 21942188
21297433 music 31.230639 121.464668 501880
21297576 music 31.208996 121.416779 500028
21300637 party 31.214687 121.449142 111916
21300778 party 31.214785 121.449295 111916
21302633 music 31.257721 121.485672 154574
21302806 party 31.21524 121.507889 2497604
21303423 film 31.202372 121.42926 501006
21304068 salon 31.298208 121.500008 500904
21304445 exhibition 31.202332 121.43528 501549
21304927 music 31.221426 121.548668 3139808
21305071 music 31.188354 121.492912 2661762
21305157 music 31.25902 121.482353 100031
21305165 salon 30.209671 120.209373 103997
21305533 drama 31.222773 121.541428 165938
21306145 salon 31.213264 121.454277 170920
21306431 drama 31.254744 121.491409 169030
21307428 music 31.207718 121.449112 1198347
21309372 exhibition 31.222603 121.478729 226300
21311495 music 31.210121 121.472168 500437
21313450 commonweal 31.234453 121.47506 71604513
21314110 drama 31.222773 121.541428 3139808
21315084 exhibition 31.247551 121.448723 501365
21315406 others 31.244978 121.490929 43046363
21319960 party 31.205946 121.437637 81933003
21320100 drama 31.222773 121.541428 1430095
21321132 music 31.209927 121.471916 500437
21322233 sports 31.223225 121.541229 77353614
21322661 others 31.215738 121.444756 43558679
21322726 others 31.215811 121.45639 41367506
21323296 others 31.353638 121.442871 70860089
21324279 party 31.233303 121.462654 184318
21324325 drama 31.222773 121.541428 121265
21324573 exhibition 31.208967 121.566734 87361812
21326631 commonweal 31.202332 121.43528 501549
21328262 drama 31.234943 121.452469 500141
21329603 party 31.231104 121.468895 500260
21329614 drama 31.210012 121.443817 124107
21330037 drama 31.222773 121.541428 165938
21331399 music 31.222773 121.541428 502342
21331735 drama 31.222773 121.541428 57714681
21335319 commonweal 31.211252 121.553276 134636
21335995 drama 31.222773 121.541428 121265
21336801 drama 31.235031 121.452477 500141
21337031 drama 31.235031 121.452477 500141
21337075 music 31.188354 121.492912 2661762
21338591 party 31.226381 121.46167 216104
21338673 party 31.226381 121.46167 216104
21341140 others 31.222773 121.541428 230367
21343458 music 31.25902 121.482353 500339
21346729 exhibition 31.208031 121.46991 229988
21346958 party 31.183231 121.436676 214956
21347158 party 31.224693 121.472824 222107
21348254 exhibition 31.231665 121.411201 87500797
21348965 party 31.203608 121.429718 45536199
21350428 drama 31.229618 121.471802 3139808
21350736 commonweal 31.215618 121.421577 43416357
21352045 party 31.200466 121.584869 87508072
21352181 music 31.229618 121.471802 221186
21352333 music 31.221462 121.548698 87509217
21352591 exhibition 31.223446 121.445618 1965217
21353051 party 31.21772 121.474716 33088818
21353540 exhibition 31.237976 121.473427 235114
21355786 drama 31.229473 121.471771 501171
21362226 drama 31.217585 121.440453 3139808
21362236 drama 31.235031 121.452477 3139808
21363661 travel 31.24304 121.452744 61768672
21364106 salon 31.186111 121.425385 116681
21364613 exhibition 31.231352 121.471085 500019
21364669 music 31.21192 121.44397 500099
21365952 exhibition 31.241535 121.472878 71610939
21366631 music 31.249407 121.440102 501545
21367068 drama 31.217585 121.440453 33467599
21368146 others 31.232214 121.473183 500019
21373289 exhibition 31.235645 121.413445 217536
21373464 party 31.186497 121.439346 208724
21374633 salon 31.228739 121.413803 60733629
21375066 film 31.228527 121.442627 229611
21375352 drama 31.254526 121.492081 169030
21376011 music 31.210136 121.472099 500437
21376162 commonweal 31.229588 121.428596 500050
21376210 party 31.229605 121.428589 500050
21376935 exhibition 31.186111 121.425385 116681
21377115 exhibition 31.222773 121.541428 63199810
21377179 party 31.1866 121.48877 230387
21377917 music 31.229618 121.471802 1807763
21379670 commonweal 31.230415 121.473701 62405394
21380026 music 31.249174 121.440094 100123
21381742 salon 31.217609 121.407852 231867
21382130 exhibition 31.201698 121.4981 501220
21382184 travel 31.25778 121.593224 45888625
21383961 commonweal 31.271311 121.480782 67935565
21385113 sports 31.218447 121.418213 60209105
21386187 party 31.227648 121.456024 64773326
21387075 party 31.143274 121.426079 82300617
21387406 party 31.242161 121.467422 51393479
21387474 music 31.231104 121.468895 500260
21387800 music 31.249828 121.440231 500379
21388113 commonweal 31.188231 121.438042 49471303
21389722 music 35.567001 118.888718 107695
21390182 exhibition 31.235907 121.479759 73363441
21392308 party 31.1866 121.48877 230387
21393624 party 31.337643 121.455704 500479
21393689 drama 31.213736 121.441223 4654476
21393977 party 31.113688 121.053566 234733
21394167 salon 31.230169 121.522911 216287
21395162 music 31.198156 121.424919 176416
21396681 music 31.212275 121.77034 502411
21397102 travel 35.593807 118.96666 65222355
21399665 exhibition 31.247561 121.44873 2726660
21400244 music 31.298527 121.501427 41602191
21400764 exhibition 31.287031 121.501678 59104092
21402239 salon 31.299974 121.505096 500904
21402489 music 31.222931 121.541229 106281
21402767 commonweal 31.226889 121.559258 121981
21403977 sports 35.578381 118.934296 65223532
21404709 exhibition 31.241034 121.487541 501623
21406941 drama 31.229473 121.471771 501171
21407314 music 31.229372 121.479553 204865
21407598 sports 35.571892 118.915932 65223532
21407777 exhibition 31.248343 121.449821 221363
21408526 music 31.220949 121.420341 500028
21408564 others 31.287243 121.504066 500628
21409236 others 31.211594 121.433861 74081108
21410304 exhibition 31.274317 121.486176 500286
21410313 commonweal 31.216692 121.42141 83098321
21411123 exhibition 31.247446 121.448631 124039
21411875 music 31.229143 121.471863 501171
21412229 exhibition 31.240456 121.48851 85025774
21413745 music 31.294306 121.525749 500126
21415136 party 31.208242 121.468071 154927
21416156 exhibition 31.208967 121.566734 69249962
21416321 exhibition 31.207846 121.470154 57738695
21417516 music 31.226978 121.477859 3139808
21417764 drama 31.231133 121.486946 218081
21419369 party 31.185564 121.443687 121981
21419700 music 31.294306 121.525749 500126
21420015 party 31.186113 121.443474 121981
21420304 sports 31.04299 121.181602 501666
21420793 exhibition 31.184683 121.494781 64463223
21421154 exhibition 31.207846 121.470154 57738695
21421468 music 31.229849 121.471741 501171
21422323 music 31.211115 121.444771 500295
21422661 music 31.204306 121.429611 185902
21422975 salon 31.220541 121.534286 59012882
21426838 music 31.209003 121.416771 2058695
21426896 music 31.209204 121.416779 105008
21427503 drama 31.209902 121.561874 233447
21427963 sports 31.23061 121.480202 65061042
21428941 music 31.181522 121.438377 3139808
21429037 drama 31.211624 121.41684 500281
21429429 music 31.198156 121.424919 176416
21429825 salon 31.20756 121.444649 117272
21429940 party 31.220655 121.417297 84583449
21431161 music 31.211113 121.444771 500295
21431586 exhibition 35.580826 118.916962 233284
21431600 music 31.211113 121.444771 500295
21431992 music 31.210114 121.472153 500437
21432761 salon 31.227554 121.4132 186297
21433268 drama 31.254526 121.492081 169030
21433849 drama 31.186497 121.439346 208724
21433876 salon 31.200216 121.457207 53975775
21434420 music 31.229618 121.471802 221186
21437287 commonweal 31.304386 121.5093 68271480
21437800 salon 31.233805 121.482803 155728
21437922 salon 31.233816 121.482803 500904
21438683 drama 31.222784 121.541405 214691
21439258 drama 31.226673 121.452141 214691
21439964 commonweal 31.207359 121.44474 74677042
21440085 party 31.211939 121.563316 76449750
21440397 music 31.209003 121.416771 500028
21440875 music 31.209003 121.416771 500028
21441210 drama 31.233793 121.443474 500556
21441297 party 31.231104 121.468895 3900262
21442579 exhibition 31.186111 121.425385 116681
21442934 film 31.224228 121.4776 500586
21442973 salon 31.20122 121.498268 197989
21443180 drama 31.232069 121.477432 500109
21443776 exhibition 31.218555 121.451424 2860219
21443820 salon 31.236843 121.433601 45956761
21443861 salon 31.248655 121.489204 500033
21443965 salon 31.248655 121.489204 500033
21444228 exhibition 31.248655 121.489204 500033
21444255 film 31.248655 121.489204 500033
21444295 salon 31.248655 121.489204 500033
21444356 drama 31.228939 121.479233 218081
21444655 drama 31.233862 121.478043 232381
21444776 sports 31.231304 121.53624 87891671
21444892 salon 31.215618 121.421577 43416357
21445063 party 31.23805 121.440125 121958
21447192 others 31.227264 121.47464 165840
21447986 exhibition 31.233547 121.412781 3139808
21448001 party 31.217949 121.506805 3139808
21449338 sports 31.21361 121.440758 38326211
21451811 sports 31.233316 121.454369 64773326
21452609 party 31.211018 121.482323 160364
21452669 party 31.230392 121.473701 120854
21452702 music 31.25902 121.482353 500339
21452729 music 31.25902 121.482353 500339
21453396 exhibition 31.168215 121.454285 3770618
21455207 party 31.194445 121.44133 75331866
21455533 party 31.211018 121.482323 160364
21455765 exhibition 31.25412 121.44313 229988
21457314 others 31.20122 121.498268 140042
21457720 film 31.211775 121.438927 212999
21458251 exhibition 31.215265 121.469391 176547
21459519 party 31.234234 121.514282 87800346
21459964 exhibition 31.383684 121.250267 229988
21460478 film 31.228851 121.457726 502222
21460939 music 31.199127 121.424629 3240441
21461221 drama 31.213688 121.461533 117601
21461498 salon 31.208698 121.451866 500904
21461574 commonweal 31.277222 121.480713 236305
21462068 salon 31.224777 121.455368 501175
21462250 salon 31.224777 121.455368 501175
21462358 film 31.202417 121.430122 503055
21462878 others 31.248783 121.439339 187956
21463125 salon 31.217485 121.475281 110435
21463141 salon 31.207024 121.413803 4161572
21463632 party 31.210699 121.450745 500787
21464158 film 31.185232 121.443382 121981
21464541 salon 31.211113 121.561745 500051
21465487 drama 31.208055 121.444275 500020
21465745 party 31.183067 121.435837 62392505
21466346 exhibition 31.231674 121.475449 500843
21466358 travel 31.186445 121.443642 121981
21466652 salon 31.211113 121.561745 500051
21468047 salon 31.231462 121.471001 500019
21468181 exhibition 31.233547 121.412781 74446128
21469657 exhibition 31.201195 121.392876 42830983
21470099 drama 31.235113 121.452484 65005360
21470111 exhibition 31.253019 121.513893 60470197
21470127 party 31.230392 121.473701 42112850
21470240 others 31.212349 121.447533 51114726
21470647 party 31.231104 121.468895 500260
21471690 film 31.231462 121.471046 116837
21472864 salon 31.221695 121.459938 500146
21473720 music 31.181515 121.43837 121265
21474144 music 31.211113 121.444756 500295
21474957 exhibition 31.249779 121.501099 75476344
21475860 salon 31.264452 121.484383 87326386
21475899 exhibition 31.221216 121.439781 81327758
21475986 exhibition 31.242292 121.487946 1632976
21477794 salon 31.213297 121.426086 67592433
21478338 drama 31.211626 121.41684 121265
21479324 salon 31.286903 121.448303 1284258
21481530 travel 31.207369 121.444756 501755
21482576 music 31.21003 121.472183 500437
21482661 party 31.25959 121.480835 85128281
21482808 music 31.210108 121.472153 500437
21482906 music 31.209984 121.472084 500437
21483791 salon 35.553108 119.002449 77403699
21483911 others 31.249174 121.440094 121265
21484821 salon 31.233793 121.443474 500556
21485053 exhibition 31.218794 121.474876 43797710
21485573 drama 31.300106 121.505264 3979353
21486320 music 31.198156 121.424919 176416
21486605 film 31.186546 121.438255 1246584
21486975 music 31.198156 121.424919 176416
21487232 drama 31.301081 121.508575 50148274
21487349 drama 31.213629 121.441055 57714681
21487356 party 31.280972 121.449905 87851324
21487499 salon 31.207432 121.444717 500109
21487662 others 31.231462 121.471001 500019
21487858 travel 31.228514 121.441216 232948
21488204 salon 31.209425 121.444077 500366
21488229 salon 31.209425 121.443985 500366
21488260 salon 31.209351 121.444328 500366
21488284 salon 31.209425 121.444328 500366
21488359 salon 31.209059 121.444077 500366
21488392 music 31.211113 121.561745 500051
21488866 exhibition 31.208912 121.463181 2620723
21489197 salon 31.202332 121.43528 43723639
21489352 others 31.222715 121.473267 143406
21489588 salon 31.21504 121.38858 500868
21490518 party 31.222713 121.477539 85128281
21490727 travel 30.888329 121.010353 61768672
21490963 salon 31.224777 121.455368 500904
21491376 party 31.212214 121.429138 85484296
21491593 party 31.21648 121.475075 58645854
21491684 exhibition 31.20122 121.498268 3139808
21492208 sports 31.259377 121.481941 500339
21494503 travel 31.207443 121.444611 76019894
21494688 salon 31.284418 121.50679 229836
21494781 drama 31.216602 121.439857 2752506
21494794 exhibition 31.247482 121.448807 235083
21495610 music 31.249174 121.440094 5783341
21495980 music 31.25902 121.482353 500339
21496028 music 31.25902 121.482353 500339
21497099 salon 31.283131 121.500832 500916
21497110 salon 35.623604 118.878853 500916
21497198 salon 31.056824 121.215652 500916
21497205 salon 31.298527 121.501427 500916
21497228 salon 31.023434 121.428474 500916
21498403 party 31.222797 121.426132 55578152
21498861 exhibition 31.248625 121.447441 218237
21499303 party 31.232214 121.473183 80111817
21500490 sports 31.19434 121.436211 48054686
21500876 salon 31.208055 121.444275 500020
21502608 film 31.234528 121.484322 500843
21503268 others 31.214197 121.477211 237590
21503510 party 31.224625 121.45005 84660679
21503808 exhibition 31.234972 121.487671 125946
21504082 salon 31.22851 121.475136 500691
21504138 exhibition 31.209902 121.476303 47794891
21504184 salon 31.233364 121.481468 49982180
21504302 exhibition 31.231138 121.46286 76109377
21504381 drama 31.209902 121.561874 233447
21504623 salon 31.208241 121.449165 500346
21504821 salon 31.300776 121.503036 110452
21505076 salon 31.300629 121.503899 110452
21505116 salon 31.213095 121.461494 500346
21505722 salon 31.299747 121.502785 110452
21506093 others 31.181515 121.43837 121265
21506950 music 31.198156 121.424919 176416
21506985 music 31.211113 121.444771 500295
21507101 travel 30.907246 121.929726 181534
21508761 party 31.208324 121.46785 179450
21509102 salon 31.231462 121.471001 500019
21510023 party 31.297804 121.514519 85128281
21510140 party 31.219057 121.418846 234122
21510272 film 31.228851 121.457726 502222
21511256 music 31.181515 121.43837 121265
21512002 drama 31.2104 121.56205 3139808
21512020 drama 31.2104 121.56205 3139808
21513112 salon 31.224777 121.455368 500904
21513309 salon 31.224777 121.455368 500904
21513327 drama 31.211624 121.41684 500281
21513707 others 31.293896 121.524475 224937
21513790 film 31.230162 121.471413 116837
21514173 salon 31.219078 121.464905 138359
21515057 party 31.211018 121.482323 160364
21516111 party 31.192221 121.54158 22176826
21516370 salon 31.234528 121.484322 500843
21516401 party 31.219057 121.418846 234122
21516992 salon 35.532646 118.883743 138751
21518128 film 31.231104 121.468895 500260
21518206 drama 31.254486 121.491463 169030
21519188 party 31.227531 121.487999 186105
21519449 salon 31.24165 121.488022 501623
21519550 salon 31.241829 121.487709 501623
21520395 salon 31.233364 121.481468 108540
21520551 music 31.209978 121.472023 500437
21520809 film 30.524412 121.640625 500741
21521053 music 31.226992 121.477882 500527
21521101 exhibition 31.234182 121.490906 76065894
21521208 party 31.210699 121.450745 500787
21522189 salon 31.22851 121.475136 500691
21523343 music 31.189005 121.493172 121265
21523962 salon 31.20122 121.498268 197989
21524241 salon 31.059626 121.211388 106941
21524414 exhibition 31.249718 121.448448 501365
21524427 salon 31.20122 121.498268 197989
21525264 party 31.216402 121.439102 1523783
21526619 salon 31.237288 121.596977 66504428
21526639 film 31.217472 121.460556 228935
21526705 music 31.222773 121.541428 55932941
21527061 salon 31.232214 121.473183 500033
21527430 party 31.216579 121.47522 110435
21527948 exhibition 31.186207 121.425354 116681
21528261 music 31.25902 121.482353 500339
21528907 music 31.25902 121.482353 500339
21529107 salon 31.212288 121.492828 500005
21529190 drama 31.235031 121.452477 165938
21529207 exhibition 31.231556 121.475273 88381937
21529327 music 31.25902 121.482353 500339
21529446 party 31.219851 121.42099 88394565
21529548 music 31.220881 121.447693 88395011
21530027 party 31.223003 121.478661 4643885
21530694 music 31.211113 121.444771 500295
21530823 film 31.23394 121.471794 501220
21531024 music 31.25902 121.482353 500339
21532465 exhibition 31.241434 121.487511 501623
21533905 party 31.205036 121.478302 141339
21533943 film 31.228851 121.457726 502222
21533957 film 31.228851 121.457726 502222
21534065 commonweal 31.21104 121.552818 134636
21534219 sports 31.23061 121.480202 65061042
21536033 party 31.200964 121.482712 238466
21536793 salon 31.283131 121.500832 118284
21537581 music 31.199354 121.425186 108041
21537696 travel 31.221813 121.419464 128359
21537847 travel 31.219015 121.425972 128359
21538028 sports 31.259209 121.577499 22176826
21538455 salon 31.308563 121.44854 118085
21538627 exhibition 31.206268 121.435921 88430427
21538653 others 31.231104 121.468895 500260
21539088 salon 31.208055 121.444275 500020
21540070 exhibition 31.234825 121.487152 45259616
21540870 party 31.205946 121.437637 81933003
21541276 film 31.228851 121.457726 502222
21541718 exhibition 31.241034 121.487541 501623
21542470 party 31.218527 121.456345 43653028
21542689 music 31.209978 121.472023 500437
21543050 party 31.223452 121.445351 64375995
21543200 salon 31.231661 121.442574 500926
21543254 music 31.306511 121.514488 154574
21543617 party 31.211018 121.482323 160364
21544035 exhibition 31.210203 121.448174 51250167
21544313 music 31.223042 121.541611 1807763
21544365 exhibition 31.218454 121.50705 88453922
21545749 salon 31.233816 121.482803 500904
21545945 salon 31.233816 121.482803 155728
21546849 music 31.209003 121.416771 500028
21547258 commonweal 31.303946 121.509277 500050
21547931 music 31.25889 121.482437 500318
21548052 exhibition 31.234158 121.482086 88495093
21548851 drama 31.270115 121.455917 4205549
21548976 others 31.208113 121.44416 500020
21549463 commonweal 31.29138 121.537201 172468
21549871 drama 31.213736 121.441223 4654476
21549913 party 31.214783 121.504585 500005
21550852 exhibition 31.241417 121.487511 501623
21551052 drama 31.20122 121.498268 197989
21551106 party 31.220541 121.534286 59012882
21551888 party 31.194624 121.452927 39003158
21551933 music 31.249159 121.440079 500379
21551983 music 31.209978 121.472023 500437
21552097 party 31.220032 121.433586 223909
21552111 party 31.216593 121.469582 1382534
21552169 music 31.198156 121.424919 176416
21552182 salon 31.231462 121.471001 500019
21552686 salon 31.241829 121.487709 1293270
21552789 music 31.25902 121.482353 500339
21553003 salon 31.228949 121.445152 502118
21553296 music 31.209978 121.472023 500437
21553480 party 31.217678 121.455444 80111817
21553948 sports 31.222631 121.478668 126805
21554613 film 31.228851 121.457726 502222
21554630 film 31.228851 121.457726 502222
21554668 party 31.176685 121.37146 85128281
21554912 party 31.219057 121.418846 234122
21555005 salon 31.224777 121.455368 500904
21555376 salon 31.230492 121.444672 501220
21555861 salon 31.281935 121.512383 2024702
21556070 drama 31.236773 121.476517 3139808
21556588 music 31.209003 121.416771 500028
21556799 music 31.227303 121.477669 2927227
21556880 others 31.20122 121.498268 197989
21556975 exhibition 31.20122 121.498268 197989
21557012 salon 31.222345 121.441765 33599355
21557161 party 31.239151 121.505783 44577847
21557269 music 31.232372 121.39872 101191
21557410 party 31.233274 121.46273 184318
21557460 commonweal 31.304506 121.509155 500050
21557556 music 31.211563 121.444038 502562
21557963 music 31.201166 121.49823 100253
21558499 exhibition 31.262255 121.483139 500212
21558605 salon 31.20122 121.498268 197989
21559137 drama 31.21373 121.441216 4654476
21559364 drama 31.21373 121.441216 4654476
21559505 party 31.224607 121.450218 1061089
21559717 exhibition 31.167866 121.44648 235598
21560394 salon 31.248735 121.489494 500033
21561372 salon 31.202332 121.43528 501549
21561452 others 31.20122 121.498268 197989
21561497 drama 31.213697 121.441254 235303
21561542 salon 31.201862 121.493599 501220
21561960 party 31.223452 121.445351 64375995
21563749 salon 31.231462 121.471001 500019
21564772 salon 31.202332 121.43528 501549
21565196 salon 31.284838 121.502441 60355155
21565334 film 35.580269 118.889153 88577617
21565965 salon 31.303782 121.509132 85572382
21566064 party 31.302828 121.508965 85572382
21566229 film 31.161509 121.420547 116837
21566885 music 31.21603 121.552734 126591
21566917 party 31.227013 121.514427 224662
21567328 drama 31.213306 121.403091 4421172
21567657 party 31.231104 121.468895 500260
21567714 others 31.186005 121.463043 66708685
21568740 salon 31.202332 121.43528 501549
21569177 film 35.598694 118.944168 225765
21569210 commonweal 31.21104 121.552818 134636
21569612 music 31.297804 121.514519 41602191
21570114 exhibition 31.167231 121.427132 76682854
21570397 party 31.220133 121.432465 214956
21570950 others 31.389664 121.442383 237598
21571040 music 31.209978 121.472023 500437
21571466 music 31.209978 121.472023 500437
21571876 film 31.228851 121.457726 502222
21573345 salon 31.214937 121.469101 2250913
21573491 party 31.303946 121.509277 500050
21573617 music 31.209003 121.416771 500028
21573813 exhibition 31.217485 121.475281 4093706
21574047 music 31.248783 121.439339 187956
21574134 salon 31.209288 121.461891 138359
21574200 music 31.209003 121.416771 500028
21574259 music 31.211113 121.444771 500295
21574800 music 31.233099 121.462784 184318
21575402 party 31.254475 121.491455 238530
21575803 music 31.211113 121.444771 500295
21576312 film 31.234528 121.484322 500843
21576502 salon 31.202106 121.43708 149225
21576621 salon 31.219154 121.42588 128359
21576638 exhibition 31.186152 121.425446 116681
21577108 music 31.22205 121.447594 238605
21577124 music 31.209003 121.416771 500028
21577804 music 31.209003 121.416771 500028
21577919 salon 31.232573 121.487572 67559816
21577933 salon 31.18788 121.430603 72467120
21578049 others 31.259935 121.488556 154574
21578361 party 31.233309 121.462662 184318
21578699 salon 31.24165 121.488022 501623
21578746 salon 31.24165 121.488022 501623
21578806 salon 31.24165 121.488022 501623
21578900 salon 31.24165 121.488022 501623
21578995 party 31.210699 121.450745 500787
21579340 salon 35.567631 118.935669 233284
21579350 party 31.19434 121.436211 124857
21579384 party 31.210699 121.450745 500787
21579697 music 31.211113 121.444771 500295
21582007 party 31.259344 121.481964 500339
21582934 travel 31.23093 121.476341 181534
21583522 film 31.228851 121.457726 502222
21583547 sports 31.206928 121.431541 500321
21583929 commonweal 31.21104 121.552818 134636
21584664 others 31.178904 121.494865 121265
21586487 film 31.185085 121.444351 121981
21587265 party 31.218857 121.417908 78258308
21587764 salon 31.20122 121.498268 197989
21588070 salon 31.207359 121.44474 500020
21588086 travel 31.202929 121.48922 181534
21588351 exhibition 31.237535 121.498833 88858039
21588553 party 31.221792 121.459976 500146
21588888 exhibition 31.203463 121.414589 54881794
21590627 music 31.209978 121.472023 500437
21590962 music 31.209003 121.416771 500028
21593184 party 31.228739 121.413803 60733629
21593638 music 31.28882 121.535652 100036
21593960 music 31.209978 121.472023 500437
21594445 drama 31.290287 121.552818 49922700
21596222 music 31.20122 121.498268 197989
21596249 exhibition 31.274319 121.486176 500286
21597067 exhibition 31.224651 121.456772 224680
21597217 salon 31.23461 121.507721 501621
21598113 film 31.280458 121.492653 500101
21598493 sports 30.733034 121.305824 65223106
21598502 exhibition 31.224651 121.456772 238857
21598783 exhibition 31.248043 121.449059 71377440
21599144 drama 31.220892 121.460419 57714681
21599206 salon 31.202332 121.43528 501549
21599257 party 31.231104 121.468895 500260
21599356 exhibition 31.243055 121.47216 213515
21600089 party 35.560509 118.912155 50299056
21600559 exhibition 31.2204 121.433716 500033
21600829 travel 31.23093 121.476341 181534
21601363 party 31.211287 121.482201 160364
21601601 others 31.301874 121.499779 503055
21601694 salon 31.208055 121.444275 500020
21602029 exhibition 31.247559 121.448914 226575
21602163 others 31.265053 121.542953 501220
21602266 salon 31.207359 121.44474 55762199
21602298 salon 31.230087 121.47628 501220
21602385 film 31.201496 121.452568 501220
21602517 salon 31.298649 121.501411 501220
21602521 party 31.236679 121.499046 80664982
21602664 music 31.226969 121.47789 501220
21604155 party 31.280972 121.449905 87851324
21604451 exhibition 35.579639 118.917389 106556
21606921 drama 38.516945 114.986 68139347
21608369 drama 31.211113 121.561745 500051
21609609 exhibition 31.298948 121.514557 83401968
21610910 travel 31.228514 121.441216 83756806
21611235 salon 31.248655 121.489204 500033
21611368 salon 31.209866 121.444328 500366
21611488 salon 31.209204 121.444412 500366
21611554 salon 31.209204 121.444504 500366
21612846 party 31.224361 121.447289 2151984
21612854 sports 31.207298 121.551369 2970682
21613327 exhibition 31.211113 121.561745 500051
21613916 party 31.205759 121.418579 119708
21614135 commonweal 31.238169 121.435555 74995906
21614747 film 31.205315 121.478317 500741
21614987 film 31.220655 121.444847 46974091
21615204 party 31.194632 121.475403 2106889
21615490 others 31.187536 121.442184 125452
21615569 music 31.209978 121.472023 500437
21615831 film 31.228851 121.457726 502222
21617078 film 31.234528 121.484322 500843
21617519 film 31.208178 121.442268 500843
21617865 film 35.565922 118.932198 500843
21617909 film 31.234528 121.484322 500843
21618077 film 35.552059 118.870872 500843
21618139 music 31.207664 121.448235 2916645
21618546 party 31.231104 121.468895 500260
21618767 exhibition 31.223225 121.447845 77702280
21619434 music 31.198156 121.424919 176416
21620101 party 31.115002 121.385796 218994
21620325 party 31.19986 121.429443 3669601
21620574 others 31.248655 121.489204 500033
21620627 travel 31.220478 121.452011 4472670
21621872 party 31.222797 121.426132 55578152
21622579 salon 31.2864 121.504585 51765473
21622996 salon 31.185568 121.424744 128359
21623186 salon 31.229666 121.471817 501220
21625501 salon 31.231104 121.468895 3900262
21625919 salon 31.206846 121.416618 89086495
21626173 film 31.208256 121.443703 231267
21626268 film 31.223602 121.442604 89095055
21626757 music 30.831057 121.505013 52365401
21627106 salon 31.284418 121.50679 229836
21627849 film 31.228851 121.457726 502222
21628492 salon 31.20122 121.498268 197989
21628791 salon 30.836168 121.505791 52365401
21630512 salon 31.202597 121.492569 1043608
21634684 film 31.228851 121.457726 502222
21634955 film 31.231426 121.448898 3494676
21635397 drama 31.235031 121.452477 1206087
21635635 salon 31.209938 121.443817 500020
21636287 commonweal 31.218599 121.484756 89231209
21636658 salon 31.284199 121.50235 88922393
21636666 sports 31.320099 121.550858 172468
21637704 salon 31.208055 121.444275 500020
21638202 film 31.18549 121.443558 121981
21638510 party 31.205946 121.437637 81933003
21638632 others 31.24165 121.488022 501623
21638728 music 31.24165 121.488022 501623
21638829 salon 31.24165 121.488022 501623
21639479 music 31.209003 121.416771 500028
21639714 music 31.207664 121.448235 500107
21640256 party 31.220526 121.430687 77094096
21640568 commonweal 31.233856 121.478088 89254782
21640930 salon 31.225031 121.455399 500904
21641716 party 31.219057 121.418846 234122
21641942 exhibition 31.2411 121.473 55844765
21641966 sports 31.248617 121.499176 74261321
21642078 salon 31.230858 121.474281 500691
21642770 party 31.194632 121.475403 2106889
21643102 salon 31.209902 121.561874 233447
21643247 salon 31.215002 121.388565 2056470
21643367 music 31.198156 121.424919 176416
21643452 music 31.224085 121.542839 121265
21643969 salon 31.224777 121.455368 500904
21644367 salon 31.209204 121.444412 500366
21644683 salon 31.209497 121.44416 500366
21644698 music 31.222773 121.541428 3139808
21644728 film 31.217485 121.475281 4093706
21644979 salon 31.227655 121.51532 224662
21644989 salon 31.209204 121.444672 500366
21645102 salon 31.209278 121.444672 500366
21646381 drama 31.24165 121.488022 219286
21646459 salon 31.201805 121.493622 207514
21647704 salon 31.20122 121.498268 197989
21647889 party 31.223003 121.478661 4643885
21648081 salon 31.20122 121.498268 197989
21648333 party 31.227531 121.487999 186105
21648432 music 31.209978 121.472023 500437
21649311 salon 31.212311 121.462502 47644970
21649576 music 31.210451 121.47068 102630
21649747 party 31.130968 121.048332 500904
21649766 music 31.209003 121.416771 500028
21649993 film 31.2351 121.484261 500033
21650202 exhibition 31.222858 121.407852 229988
21650487 party 31.210699 121.450745 500787
21650575 party 31.210699 121.450745 500787
21650861 music 31.255775 121.490059 236283
21652311 party 31.205002 121.456108 121981
21652902 music 35.559532 118.886749 216612
21654080 salon 31.22851 121.475136 500691
21654128 salon 31.22851 121.475136 500691
21654197 salon 31.22851 121.475136 500691
21654695 drama 31.213688 121.461533 117601
21654974 party 31.231775 121.489647 128297
21655788 salon 31.209791 121.443985 174032
21656399 film 31.228851 121.457726 502222
21656598 film 31.228851 121.457726 502222
21656607 party 31.231104 121.468895 500260
21656750 commonweal 31.149826 121.416649 65762642
21656767 party 31.233292 121.474503 76317724
21656830 drama 31.223297 121.543381 121265
21658229 music 31.209003 121.416771 500028
21658411 drama 31.290287 121.552818 49922700
21658612 exhibition 31.208967 121.566734 129663
21659336 others 31.202332 121.43528 501549
21659372 salon 31.202332 121.43528 501549
21659572 salon 31.231661 121.442574 500926
21660020 film 31.202417 121.430122 503055
21660195 drama 31.235031 121.452477 57714681
21661580 commonweal 31.393362 121.506325 124352
21662245 music 31.229618 121.471802 221186
21662683 film 31.299191 121.5084 204334
21664044 music 31.189337 121.438377 239075
21664179 exhibition 31.224703 121.478607 74515553
21664427 exhibition 31.231005 121.474113 500691
21666476 salon 31.208055 121.444275 500020
21667147 salon 31.208055 121.444275 500020
21667460 salon 31.20122 121.498268 197989
21668109 exhibition 31.182413 121.489883 3139808
21669529 salon 31.218967 121.434929 500914
21670029 salon 31.208168 121.444283 500020
21670038 salon 31.287031 121.501678 59104092
21670709 party 31.224625 121.45005 84660679
21671631 drama 31.213785 121.441223 169030
21671758 music 31.232288 121.462227 184318
21672061 salon 31.209791 121.443817 500020
21672825 party 31.230703 121.442497 59703949
21673410 film 27.371767 139.746094 500741
21674053 commonweal 31.168238 121.434975 218994
21676161 party 31.223099 121.436806 223909
21676268 travel 31.23093 121.476341 181534
21677642 exhibition 31.224651 121.456772 63593089
21678877 exhibition 31.248398 121.447166 500324
21679519 exhibition 31.216372 121.5485 2394621
21679573 music 31.198156 121.424919 176416
21679985 music 31.207718 121.449112 1198347
21680457 music 31.249159 121.440079 1198347
21680734 music 31.248783 121.439339 187956
21681072 salon 31.234568 121.507965 501621
21682092 exhibition 31.219082 121.551697 40604833
21682586 party 31.231104 121.468895 500260
21682868 music 31.259527 121.480919 500339
21683842 salon 31.223099 121.436806 223909
21684401 drama 31.300106 121.505264 42232912
21684743 music 31.226984 121.477867 500527
21684996 salon 31.231462 121.471001 500019
21685328 party 31.193937 121.406754 82821649
21686053 film 31.287031 121.501678 59104092
21686135 exhibition 31.304461 121.510422 70951784
21686536 salon 31.233816 121.482803 155728
21686558 salon 31.217499 121.407593 231867
21686599 salon 31.233816 121.482803 500904
21686657 party 31.186445 121.443382 121981
21686966 music 31.189005 121.493172 239309
21688931 salon 31.220509 121.444847 501220
21689436 drama 31.22872 121.479294 500904
21689637 exhibition 31.216141 121.574127 66708685
21690067 salon 31.283131 121.500832 118284
21693942 film 31.228851 121.457726 502222
