19007683 0
19050404 1
19131006 2
19185731 3
19186838 4
19265411 5
19419474 6
19430982 7
19546903 8
19595190 9
19639138 10
19640614 11
19657602 12
19690687 13
19690835 14
19690949 15
19762870 16
19795089 17
19807817 18
19826901 19
19827770 20
19848155 21
19860877 22
19870036 23
19881111 24
19929040 25
19953472 26
19967995 27
19969543 28
19980485 29
20005298 30
20021997 31
20027036 32
20031331 33
20036784 34
20036899 35
20071837 36
20096099 37
20103100 38
20106548 39
20130213 40
20179057 41
20180059 42
20189067 43
20194672 44
20198737 45
20211941 46
20219980 47
20260164 48
20260319 49
20284037 50
20284093 51
20284172 52
20286648 53
20312329 54
20330199 55
20330967 56
20347465 57
20353314 58
20360164 59
20377977 60
20397165 61
20398149 62
20413247 63
20476536 64
20482541 65
20485500 66
20493978 67
20495894 68
20496477 69
20527223 70
20531478 71
20540600 72
20552267 73
20557546 74
20557560 75
20557616 76
20557655 77
20565979 78
20569797 79
20575279 80
20588566 81
20588691 82
20593122 83
20593141 84
20593178 85
20606510 86
20611655 87
20621781 88
20622649 89
20626491 90
20628587 91
20631746 92
20639587 93
20639605 94
20644496 95
20650904 96
20654432 97
20655805 98
20658624 99
20658660 100
20659470 101
20662100 102
20662256 103
20664679 104
20664742 105
20669964 106
20671062 107
20673108 108
20681192 109
20681979 110
20682002 111
20687062 112
20689118 113
20693098 114
20695482 115
20697971 116
20699042 117
20699065 118
20699074 119
20701868 120
20702156 121
20702177 122
20703881 123
20706066 124
20706848 125
20712676 126
20714900 127
20715583 128
20718644 129
20718669 130
20719051 131
20719093 132
20722283 133
20728213 134
20730176 135
20730579 136
20731193 137
20734008 138
20738981 139
20739016 140
20739393 141
20739557 142
20740844 143
20741246 144
20742814 145
20743921 146
20744460 147
20746012 148
20746158 149
20747895 150
20754231 151
20754241 152
20755012 153
20756675 154
20757176 155
20757708 156
20757735 157
20761945 158
20762015 159
20762183 160
20762361 161
20763879 162
20763975 163
20764401 164
20769824 165
20773626 166
20777269 167
20778102 168
20778355 169
20780237 170
20782993 171
20783783 172
20784537 173
20786765 174
20787158 175
20787963 176
20788345 177
20795251 178
20795272 179
20796275 180
20797942 181
20798093 182
20800037 183
20801038 184
20801855 185
20802205 186
20802543 187
20804743 188
20807589 189
20808601 190
20808747 191
20809081 192
20811053 193
20812338 194
20813180 195
20813871 196
20814613 197
20817896 198
20818473 199
20818599 200
20823763 201
20826387 202
20829608 203
20834684 204
20834830 205
20835285 206
20835988 207
20836617 208
20838411 209
20842543 210
20842629 211
20842663 212
20843045 213
20843110 214
20843238 215
20843278 216
20844467 217
20845182 218
20846207 219
20850922 220
20851558 221
20852416 222
20854187 223
20856835 224
20857062 225
20862497 226
20863189 227
20866308 228
20866946 229
20868844 230
20869201 231
20869253 232
20869303 233
20869968 234
20871755 235
20874439 236
20875933 237
20876269 238
20876484 239
20876533 240
20877419 241
20878345 242
20878411 243
20878555 244
20879442 245
20879522 246
20880052 247
20880621 248
20881049 249
20881163 250
20887130 251
20889592 252
20890477 253
20892247 254
20892259 255
20894558 256
20899345 257
20901748 258
20904073 259
20905494 260
20906740 261
20909758 262
20909761 263
20910234 264
20914999 265
20917634 266
20917725 267
20917937 268
20918436 269
20920901 270
20924878 271
20931965 272
20935865 273
20936111 274
20939719 275
20940288 276
20940517 277
20942609 278
20943019 279
20943055 280
20943287 281
20944080 282
20944366 283
20945544 284
20946043 285
20946805 286
20946839 287
20947092 288
20948157 289
20948779 290
20956914 291
20963391 292
20965825 293
20967600 294
20967958 295
20976946 296
20977058 297
20977064 298
20977926 299
20982535 300
20983910 301
20984572 302
20987963 303
20988129 304
20989317 305
20989647 306
20992593 307
20993134 308
20994065 309
20994091 310
20996627 311
20997996 312
20999354 313
20999587 314
21000502 315
21001604 316
21001649 317
21002501 318
21003884 319
21003995 320
21008055 321
21009127 322
21009142 323
21010179 324
21010355 325
21012183 326
21014836 327
21015396 328
21016060 329
21016213 330
21016512 331
21019588 332
21021772 333
21022222 334
21024578 335
21024787 336
21024816 337
21024932 338
21025434 339
21025833 340
21026606 341
21027191 342
21029083 343
21033396 344
21033815 345
21035564 346
21035597 347
21037109 348
21037965 349
21038465 350
21039052 351
21039406 352
21041892 353
21041920 354
21042121 355
21046981 356
21049390 357
21051214 358
21053438 359
21054309 360
21054417 361
21054437 362
21057681 363
21059046 364
21061759 365
21063162 366
21063932 367
21067024 368
21068213 369
21068254 370
21073378 371
21077321 372
21077980 373
21078182 374
21082037 375
21082614 376
21087855 377
21088354 378
21088912 379
21089932 380
21090685 381
21091450 382
21091506 383
21093721 384
21093984 385
21094538 386
21095982 387
21096199 388
21098249 389
21099175 390
21100610 391
21105474 392
21112750 393
21113438 394
21114247 395
21114266 396
21117022 397
21118537 398
21119074 399
21121196 400
21123554 401
21126090 402
21126133 403
21127419 404
21127475 405
21127659 406
21128097 407
21128599 408
21130188 409
21131971 410
21133835 411
21136543 412
21138496 413
21138590 414
21139033 415
21140051 416
21141364 417
21143368 418
21144296 419
21146126 420
21146255 421
21146796 422
21147110 423
21147171 424
21147966 425
21148569 426
21148742 427
21149298 428
21150073 429
21151854 430
21155307 431
21157713 432
21160433 433
21161495 434
21170329 435
21172706 436
21176070 437
21181642 438
21182857 439
21182916 440
21184864 441
21185260 442
21185414 443
21186012 444
21186087 445
21189873 446
21190744 447
21191141 448
21194752 449
21196383 450
21197495 451
21199891 452
21203676 453
21204142 454
21205966 455
21206110 456
21212618 457
21212682 458
21212743 459
21212764 460
21212856 461
21212896 462
21212960 463
21214355 464
21214366 465
21215925 466
21217862 467
21218011 468
21218219 469
21218285 470
21218436 471
21219130 472
21219608 473
21222301 474
21223948 475
21224194 476
21224337 477
21224518 478
21225039 479
21229046 480
21229115 481
21229576 482
21230505 483
21231162 484
21231678 485
21233155 486
21233731 487
21235974 488
21238049 489
21239125 490
21239629 491
21239831 492
21241421 493
21241640 494
21243585 495
21244971 496
21247140 497
21248332 498
21249939 499
21251166 500
21251509 501
21251687 502
21252320 503
21259331 504
21259845 505
21261913 506
21266842 507
21267143 508
21267916 509
21268818 510
21272960 511
21274055 512
21277402 513
21279934 514
21280736 515
21281139 516
21284012 517
21284394 518
21285077 519
21287758 520
21289344 521
21289578 522
21290243 523
21290706 524
21291240 525
21292176 526
21292879 527
21293579 528
21293590 529
21294357 530
21294822 531
21295037 532
21295306 533
21295364 534
21295562 535
21295780 536
21296385 537
21296970 538
21297433 539
21297576 540
21300637 541
21300778 542
21302633 543
21302806 544
21303423 545
21304068 546
21304445 547
21304927 548
21305071 549
21305157 550
21305165 551
21305533 552
21306145 553
21306431 554
21307428 555
21309372 556
21311495 557
21313450 558
21314110 559
21315084 560
21315406 561
21319960 562
21320100 563
21321132 564
21322233 565
21322661 566
21322726 567
21323296 568
21324279 569
21324325 570
21324573 571
21326631 572
21328262 573
21329603 574
21329614 575
21330037 576
21331399 577
21331735 578
21335319 579
21335995 580
21336801 581
21337031 582
21337075 583
21338591 584
21338673 585
21341140 586
21343458 587
21346729 588
21346958 589
21347158 590
21348254 591
21348965 592
21350428 593
21350736 594
21352045 595
21352181 596
21352333 597
21352591 598
21353051 599
21353540 600
21355786 601
21362226 602
21362236 603
21363661 604
21364106 605
21364613 606
21364669 607
21365952 608
21366631 609
21367068 610
21368146 611
21373289 612
21373464 613
21374633 614
21375066 615
21375352 616
21376011 617
21376162 618
21376210 619
21376935 620
21377115 621
21377179 622
21377917 623
21379670 624
21380026 625
21381742 626
21382130 627
21382184 628
21383961 629
21385113 630
21386187 631
21387075 632
21387406 633
21387474 634
21387800 635
21388113 636
21389722 637
21390182 638
21392308 639
21393624 640
21393689 641
21393977 642
21394167 643
21395162 644
21396681 645
21397102 646
21399665 647
21400244 648
21400764 649
21402239 650
21402489 651
21402767 652
21403977 653
21404709 654
21406941 655
21407314 656
21407598 657
21407777 658
21408526 659
21408564 660
21409236 661
21410304 662
21410313 663
21411123 664
21411875 665
21412229 666
21413745 667
21415136 668
21416156 669
21416321 670
21417516 671
21417764 672
21419369 673
21419700 674
21420015 675
21420304 676
21420793 677
21421154 678
21421468 679
21422323 680
21422661 681
21422975 682
21426838 683
21426896 684
21427503 685
21427963 686
21428941 687
21429037 688
21429429 689
21429825 690
21429940 691
21431161 692
21431586 693
21431600 694
21431992 695
21432761 696
21433268 697
21433849 698
21433876 699
21434420 700
21437287 701
21437800 702
21437922 703
21438683 704
21439258 705
21439964 706
21440085 707
21440397 708
21440875 709
21441210 710
21441297 711
21442579 712
21442934 713
21442973 714
21443180 715
21443776 716
21443820 717
21443861 718
21443965 719
21444228 720
21444255 721
21444295 722
21444356 723
21444655 724
21444776 725
21444892 726
21445063 727
21447192 728
21447986 729
21448001 730
21449338 731
21451811 732
21452609 733
21452669 734
21452702 735
21452729 736
21453396 737
21455207 738
21455533 739
21455765 740
21457314 741
21457720 742
21458251 743
21459519 744
21459964 745
21460478 746
21460939 747
21461221 748
21461498 749
21461574 750
21462068 751
21462250 752
21462358 753
21462878 754
21463125 755
21463141 756
21463632 757
21464158 758
21464541 759
21465487 760
21465745 761
21466346 762
21466358 763
21466652 764
21468047 765
21468181 766
21469657 767
21470099 768
21470111 769
21470127 770
21470240 771
21470647 772
21471690 773
21472864 774
21473720 775
21474144 776
21474957 777
21475860 778
21475899 779
21475986 780
21477794 781
21478338 782
21479324 783
21481530 784
21482576 785
21482661 786
21482808 787
21482906 788
21483791 789
21483911 790
21484821 791
21485053 792
21485573 793
21486320 794
21486605 795
21486975 796
21487232 797
21487349 798
21487356 799
21487499 800
21487662 801
21487858 802
21488204 803
21488229 804
21488260 805
21488284 806
21488359 807
21488392 808
21488866 809
21489197 810
21489352 811
21489588 812
21490518 813
21490727 814
21490963 815
21491376 816
21491593 817
21491684 818
21492208 819
21494503 820
21494688 821
21494781 822
21494794 823
21495610 824
21495980 825
21496028 826
21497099 827
21497110 828
21497198 829
21497205 830
21497228 831
21498403 832
21498861 833
21499303 834
21500490 835
21500876 836
21502608 837
21503268 838
21503510 839
21503808 840
21504082 841
21504138 842
21504184 843
21504302 844
21504381 845
21504623 846
21504821 847
21505076 848
21505116 849
21505722 850
21506093 851
21506950 852
21506985 853
21507101 854
21508761 855
21509102 856
21510023 857
21510140 858
21510272 859
21511256 860
21512002 861
21512020 862
21513112 863
21513309 864
21513327 865
21513707 866
21513790 867
21514173 868
21515057 869
21516111 870
21516370 871
21516401 872
21516992 873
21518128 874
21518206 875
21519188 876
21519449 877
21519550 878
21520395 879
21520551 880
21520809 881
21521053 882
21521101 883
21521208 884
21522189 885
21523343 886
21523962 887
21524241 888
21524414 889
21524427 890
21525264 891
21526619 892
21526639 893
21526705 894
21527061 895
21527430 896
21527948 897
21528261 898
21528907 899
21529107 900
21529190 901
21529207 902
21529327 903
21529446 904
21529548 905
21530027 906
21530694 907
21530823 908
21531024 909
21532465 910
21533905 911
21533943 912
21533957 913
21534065 914
21534219 915
21536033 916
21536793 917
21537581 918
21537696 919
21537847 920
21538028 921
21538455 922
21538627 923
21538653 924
21539088 925
21540070 926
21540870 927
21541276 928
21541718 929
21542470 930
21542689 931
21543050 932
21543200 933
21543254 934
21543617 935
21544035 936
21544313 937
21544365 938
21545749 939
21545945 940
21546849 941
21547258 942
21547931 943
21548052 944
21548851 945
21548976 946
21549463 947
21549871 948
21549913 949
21550852 950
21551052 951
21551106 952
21551888 953
21551933 954
21551983 955
21552097 956
21552111 957
21552169 958
21552182 959
21552686 960
21552789 961
21553003 962
21553296 963
21553480 964
21553948 965
21554613 966
21554630 967
21554668 968
21554912 969
21555005 970
21555376 971
21555861 972
21556070 973
21556588 974
21556799 975
21556880 976
21556975 977
21557012 978
21557161 979
21557269 980
21557410 981
21557460 982
21557556 983
21557963 984
21558499 985
21558605 986
21559137 987
21559364 988
21559505 989
21559717 990
21560394 991
21561372 992
21561452 993
21561497 994
21561542 995
21561960 996
21563749 997
21564772 998
21565196 999
21565334 1000
21565965 1001
21566064 1002
21566229 1003
21566885 1004
21566917 1005
21567328 1006
21567657 1007
21567714 1008
21568740 1009
21569177 1010
21569210 1011
21569612 1012
21570114 1013
21570397 1014
21570950 1015
21571040 1016
21571466 1017
21571876 1018
21573345 1019
21573491 1020
21573617 1021
21573813 1022
21574047 1023
21574134 1024
21574200 1025
21574259 1026
21574800 1027
21575402 1028
21575803 1029
21576312 1030
21576502 1031
21576621 1032
21576638 1033
21577108 1034
21577124 1035
21577804 1036
21577919 1037
21577933 1038
21578049 1039
21578361 1040
21578699 1041
21578746 1042
21578806 1043
21578900 1044
21578995 1045
21579340 1046
21579350 1047
21579384 1048
21579697 1049
21582007 1050
21582934 1051
21583522 1052
21583547 1053
21583929 1054
21584664 1055
21586487 1056
21587265 1057
21587764 1058
21588070 1059
21588086 1060
21588351 1061
21588553 1062
21588888 1063
21590627 1064
21590962 1065
21593184 1066
21593638 1067
21593960 1068
21594445 1069
21596222 1070
21596249 1071
21597067 1072
21597217 1073
21598113 1074
21598493 1075
21598502 1076
21598783 1077
21599144 1078
21599206 1079
21599257 1080
21599356 1081
21600089 1082
21600559 1083
21600829 1084
21601363 1085
21601601 1086
21601694 1087
21602029 1088
21602163 1089
21602266 1090
21602298 1091
21602385 1092
21602517 1093
21602521 1094
21602664 1095
21604155 1096
21604451 1097
21606921 1098
21608369 1099
21609609 1100
21610910 1101
21611235 1102
21611368 1103
21611488 1104
21611554 1105
21612846 1106
21612854 1107
21613327 1108
21613916 1109
21614135 1110
21614747 1111
21614987 1112
21615204 1113
21615490 1114
21615569 1115
21615831 1116
21617078 1117
21617519 1118
21617865 1119
21617909 1120
21618077 1121
21618139 1122
21618546 1123
21618767 1124
21619434 1125
21620101 1126
21620325 1127
21620574 1128
21620627 1129
21621872 1130
21622579 1131
21622996 1132
21623186 1133
21625501 1134
21625919 1135
21626173 1136
21626268 1137
21626757 1138
21627106 1139
21627849 1140
21628492 1141
21628791 1142
21630512 1143
21634684 1144
21634955 1145
21635397 1146
21635635 1147
21636287 1148
21636658 1149
21636666 1150
21637704 1151
21638202 1152
21638510 1153
21638632 1154
21638728 1155
21638829 1156
21639479 1157
21639714 1158
21640256 1159
21640568 1160
21640930 1161
21641716 1162
21641942 1163
21641966 1164
21642078 1165
21642770 1166
21643102 1167
21643247 1168
21643367 1169
21643452 1170
21643969 1171
21644367 1172
21644683 1173
21644698 1174
21644728 1175
21644979 1176
21644989 1177
21645102 1178
21646381 1179
21646459 1180
21647704 1181
21647889 1182
21648081 1183
21648333 1184
21648432 1185
21649311 1186
21649576 1187
21649747 1188
21649766 1189
21649993 1190
21650202 1191
21650487 1192
21650575 1193
21650861 1194
21652311 1195
21652902 1196
21654080 1197
21654128 1198
21654197 1199
21654695 1200
21654974 1201
21655788 1202
21656399 1203
21656598 1204
21656607 1205
21656750 1206
21656767 1207
21656830 1208
21658229 1209
21658411 1210
21658612 1211
21659336 1212
21659372 1213
21659572 1214
21660020 1215
21660195 1216
21661580 1217
21662245 1218
21662683 1219
21664044 1220
21664179 1221
21664427 1222
21666476 1223
21667147 1224
21667460 1225
21668109 1226
21669529 1227
21670029 1228
21670038 1229
21670709 1230
21671631 1231
21671758 1232
21672061 1233
21672825 1234
21673410 1235
21674053 1236
21676161 1237
21676268 1238
21677642 1239
21678877 1240
21679519 1241
21679573 1242
21679985 1243
21680457 1244
21680734 1245
21681072 1246
21682092 1247
21682586 1248
21682868 1249
21683842 1250
21684401 1251
21684743 1252
21684996 1253
21685328 1254
21686053 1255
21686135 1256
21686536 1257
21686558 1258
21686599 1259
21686657 1260
21686966 1261
21688931 1262
21689436 1263
21689637 1264
21690067 1265
21693942 1266
