1164201
1043677
1706717
1138598
1218430
4355755
2963209
57485932
50938797
49692764
5642459
77808117
35518208
35754760
2467941
2170193
3522042
1094892
63030092
34139361
31403588
43025541
4078631
49490913
3441705
33946237
2426748
44651656
35928522
1207734
9037191
6394113
1001733
2567404
3062319
1573331
2488169
48212528
1216775
1907423
1690419
47822030
2841013
2841122
53402381
2530730
1865242
43087330
1147451
1772811
2672943
1928846
1534600
1648442
1055997
2834814
2601245
52675880
30825525
4327317
49107855
1717805
36305786
2247092
37229004
35969429
1515955
1883120
44289920
1687710
2273909
56314574
2765177
35468000
2373180
1518259
48125790
44327657
4864719
3065904
76616221
48298287
57677716
2239223
1111198
1710488
2046040
2521759
3731325
1813509
1783487
10916746
61344773
3909448
2569554
44656104
1455450
1563692
3343376
1121019
1108879
23281594
17509919
4366655
1668686
2718808
42366505
38961424
32210767
4372323
3239221
34812385
3830575
1041117
1313853
13542843
1989273
1368683
1126051
4848981
31769558
45833053
1389783
41692647
1440788
50096327
2964888
34550461
3939996
3477036
1787546
4307923
1075618
68913984
1302756
4571789
3064743
1171683
58669925
1239315
2688544
2847351
42961871
49344658
2575976
2008482
37843523
4430074
1581121
1461973
4130945
2484326
3878886
1392850
28729110
52003821
2956938
28212758
2239243
3716487
46506889
14893411
67592977
1861533
1173867
64015540
46230968
13336585
1224651
1333496
1066743
1093067
1387906
1747760
2406152
3028009
2747498
1426962
2029194
2599199
3764200
62726979
81987855
2201546
9733203
3879911
9413785
2914512
47004535
1429395
56046432
3802665
4379714
2659376
3641297
3888162
2181003
3967025
2615567
3778504
1784772
15490820
54285637
1086262
51995866
49479436
1303079
2795485
1655573
47025348
3438684
53843766
55650208
1489031
4442662
2217888
2768864
30001841
1151465
1843253
38263174
2827823
61812098
1360294
4040025
41286133
1815187
45017898
84821287
50231061
40587262
45908350
54794582
41126348
3508231
64006507
1204082
65414267
2545805
46336849
1117865
2540715
3113257
2449573
2691442
4388220
2648439
70309437
1093662
41882175
48021638
48828131
4460800
39312941
45599141
50675153
2491777
3627242
53718847
3858728
48710744
50794929
23307609
37887091
31722122
3742293
4649748
33466915
2697060
2796948
50974541
2289147
50492775
2129473
62189600
45570747
1538403
3652582
2129813
44184849
3890826
2843546
47681688
74954193
66233036
47447765
6666412
32514421
33399590
3278860
2742450
46706960
3555419
56074892
3822070
27809396
1183996
1196590
1090171
34917262
1203759
1143085
39598339
46187260
5783341
40609472
1189754
1229794
1045883
57233355
38700932
3245143
1354596
27066371
1476278
2254648
2364371
3547404
1059315
2183473
52535840
2613864
2534098
4538152
2196140
42874891
2210968
1073130
1786403
3669290
2054020
3489777
37579908
43376787
4668808
1505632
49295507
29602800
40752538
1440708
2749911
3497042
63085209
1246584
1573860
1799028
29292360
1113687
2313222
1961886
37753303
62231946
44048791
28288698
64156130
39354161
2450611
56374082
2384238
1404124
4774880
4045069
1729650
2301686
2339507
1306276
29958969
2998522
3759433
43428424
3604936
42126088
2079012
58188051
2269352
55822006
57826255
51051812
53591183
12562879
3115365
69341704
3799667
1534931
4743123
54269779
2647475
55497623
57570547
1123934
2418218
28343037
54780158
23258715
1054321
1411462
47429187
3522503
3921478
1024738
1201357
1845505
4023747
2346872
26127364
57384095
45794125
2856002
42557503
2057382
2657626
1744651
37485478
2325603
1917303
31859588
2237174
1876357
2356274
2739671
1564176
3601423
1084037
2201911
42723718
3733128
52038297
1807743
42461151
4735582
1381162
28521775
28113921
1216242
2688789
1087161
2224136
2530672
1206189
37574254
1190622
37824519
1474664
2043231
2481639
1637661
3534165
1411664
2959161
2126532
48937066
39402686
3869327
34694106
3369643
2653093
10451395
60989825
34956783
4426319
2704513
3372491
3261153
3967994
47631926
2546570
32023045
54443492
3276075
2812453
1215787
43662359
1511784
2783527
43990400
1190329
58723132
3274217
3681345
3719577
1896472
4322026
36699479
3563368
1379702
51486888
1673843
1607015
4496500
2719219
63919848
1554497
3086855
1078107
66393714
2007815
2636171
55471713
2134345
2418282
55950287
1360170
79415369
2215214
12353656
2903490
2717677
54503003
1567515
1378999
57368733
4044966
2162455
22620820
2965453
28688533
45712231
55802778
1787162
44533577
58296661
56467855
52841780
2931023
1325458
2614095
2301933
78894647
2676510
1171128
60647549
3376453
47186222
3761512
3274897
82473045
2152255
1511264
1577009
54570345
3042471
4538197
1890255
1751895
53710564
48306718
2780999
2319877
49597391
1176768
3467788
48394378
3055300
1522238
1329729
4423763
3823996
3310517
1767669
2796707
4126285
3542141
2780533
1863206
1613090
49011147
10750432
1997752
2190349
4717451
1229125
2077998
3328828
47089784
4476234
2752506
1654056
1402977
2720211
3083955
2693629
36189813
2244632
72553093
1542861
1530165
56762193
45064148
1241003
48885270
1553180
1651031
1613980
1426942
1190763
50047497
38896808
1166942
1801872
1020703
1252121
4394631
43211332
2608081
2256895
1179046
3983367
6448917
2230564
1525405
3371395
77146715
3346403
1441359
2666334
4486024
59106732
4578781
2185513
3880132
49203812
54710433
1240520
1887337
2582178
14344223
54527635
62805993
1090775
3531411
1220775
14264639
4847191
12238354
61248451
34811501
2693790
4705449
52584040
1444331
3435288
27363076
1938215
44339960
1160676
42494782
82462619
65705095
2913806
49764073
2777801
1752138
4755108
52229896
4463042
2563183
2127636
41945127
3507333
4134389
3093335
2070933
2340893
2437139
6632201
41314838
22358839
43753659
4599007
52930504
16838559
66449390
62006904
43818212
28166556
2772925
1100600
41920197
59887472
3417557
49397543
47598032
4580533
3078425
2747129
2512509
1147755
48065441
2769063
37713435
4331680
82461333
2472353
1624965
40977192
42577658
24190900
46262268
1459703
84470650
4028083
33604129
1475903
38528483
1931672
9751737
2144964
2152684
3013173
45386519
2521949
11033642
1100215
3637739
1231759
2219838
4574170
1175597
33989745
4627579
1498862
3042291
2152417
27275481
52265569
1593799
1879192
46915838
41888037
3971406
3016167
32009606
3483846
1211956
2256114
41647273
48426120
51516687
3613018
3335810
1172713
3317030
1525267
4203572
1225596
1165881
1077570
3574422
30021655
1214551
2209998
65662733
2182772
44700273
4105510
2547824
33505788
1108194
2482201
2791351
49702290
2150136
1023524
49161195
1359864
2610771
3827786
2453346
23449020
1798402
1406507
2550646
1758534
55959345
28020117
2659016
19797511
2847049
1691867
54693777
2227419
2808162
1375691
2048653
3669786
35000606
31962201
3286083
1546410
1291723
32429905
2969854
1045358
2159494
38681137
53171710
1234885
47699906
2895626
1400921
3391911
53337262
1438613
11462602
1114105
1218348
2211238
2396459
63787918
78791623
4004286
55641042
1310708
1559804
1206049
72626759
2730626
3002502
36512962
3513536
2429378
34004524
47832003
47790458
2825536
52668761
33645222
46105790
52837312
2406359
3276195
1296066
2208488
45898702
1066307
23655415
14272570
23738184
49810555
2130466
54826172
37317212
2556432
45648336
3521834
1070073
51530668
1236314
46010764
1090623
3112929
1190604
3854893
3764162
26541690
14581036
1422258
47801695
2373544
47211895
18442694
1161373
59125453
4387398
39132834
1480419
2187324
2203930
2863794
1772411
1864609
1451899
1847046
57740901
1069760
53973819
2379217
3117408
50231663
48481313
1304215
1015314
3986723
51305850
44096680
4278940
61775740
34946168
1092357
4539244
26760842
67656065
2683640
1038749
46748313
2167952
43299782
29782141
52651219
1120467
2407267
1144375
26300907
4269893
1823065
9597674
4203188
2518772
32770825
39276649
2056796
57727423
2489966
1901885
2800965
4643954
1967263
1334668
1218360
3561256
2880217
56456346
43146452
54449802
1341772
1822686
1269805
2760863
45513926
2635812
3127734
1991941
2212921
1046520
41073760
28061283
1611705
1533199
1795003
48018617
2182967
34765465
3243295
1109910
2884953
1425889
2118689
44460583
1444580
1772143
1238253
47491253
1291898
70441491
4667004
1484899
1150276
2784458
48710033
1227534
1249830
37501982
2596410
3553513
31120470
49803295
47215023
43545081
1119363
48954122
1427516
49538170
2184160
1251256
45329409
4322690
52788534
65826116
1093578
1694939
3468206
2081072
2099346
1779888
2132369
1540922
1716448
57423009
58194764
1860106
1453929
2474261
45319644
2536694
1070756
2804660
3642289
1664833
33988435
47172240
2384167
32354263
1093083
34320582
1682748
35160717
3006742
2198153
51098156
39813636
22168790
2083399
3981883
46129892
1427937
54250259
1387248
2056940
43678219
1886198
49864627
2751088
1875209
3659569
1896862
25328407
54854481
4529184
2769940
1060339
39555435
1500762
2048224
1558326
1908548
47768112
2802162
1374591
1426819
1495213
2328649
2302085
2453100
3931218
2879381
50274553
4258965
2574601
1745489
1680812
2806075
43761274
2643106
18406180
2930031
42374398
1433642
50922578
2078812
60592119
1132034
71915631
1571695
3381023
2632423
4720225
2731653
2244631
54560765
3164967
37022099
1194390
3245109
2982820
46201481
72621854
46330617
3016516
80320644
49910609
59452201
2781584
2623065
1014437
1194128
2203139
1807360
1256205
1555682
3084864
1912395
52579945
1109634
1910133
1060617
53261826
44469547
3765660
1022068
1114993
2708174
35051234
3060292
8855697
3434940
1454145
1996425
16330012
1385730
1947960
1327374
2476406
33386879
49043675
1344200
70973457
3828785
41013214
1088704
48645219
1177511
3431089
1917419
34642387
1703072
2205627
1879834
36135226
48743339
2035784
1817248
2547135
2841081
1773917
3250162
32611362
39956540
2515894
1531235
1357707
2596842
3490872
1082552
2565470
62879846
2795786
1115902
2327848
47193431
2562146
2184650
1679882
4660461
1659281
3312338
1075690
1396694
39765056
2510649
45250292
43606664
1654457
1792386
59425246
44822179
5377449
42912280
6688883
1293490
2357199
2326864
3127241
1977747
4273792
35905753
2520189
2569006
17821513
64513414
3696011
2618350
2676594
50648161
49428830
2739511
1126544
31757469
29292013
37918581
49280964
3173442
4365906
40794556
3470117
79148322
36072669
2215310
46702910
3578214
4293605
46009658
49756315
3072834
38913136
3521391
4382757
29351221
51887159
4042034
2272006
1432690
1953168
1120860
43411702
3593778
2200154
57908951
1489802
43807582
20054447
53303343
1165668
1211822
68125991
2516476
41876220
2334396
71625920
2402073
25599936
2077846
4316970
2289512
57363925
48917473
4490329
3704366
1954173
3209761
1448523
48520509
89215775
3223594
4634831
4696154
30661904
43691155
33824579
45046320
14534996
1343887
4026578
1436991
51631876
43147091
1926012
45577795
49412827
42922234
17306175
2374190
49599030
1419548
37754828
1321970
48623113
1161110
6833111
4750983
61237061
1813608
1410039
26241703
31830985
29130687
1811693
2894008
1621464
48951378
45040650
2705648
58684024
64048104
26460621
1566853
3188953
3611529
3002326
57512703
2233854
2140526
1351424
3436269
45121297
3858420
39231343
2000242
1054807
3537238
3689486
1285222
3502905
46827565
43411894
1213609
44576831
2788046
63835348
1294309
48228948
1106259
2000451
26911565
3936749
3398769
2022053
66859770
3684333
56903304
8154269
1463012
4075211
4173497
23219808
1234381
45087751
2809081
1396913
59060240
4319510
2511933
3141590
1839619
48984720
1060672
1801676
2611596
3589191
43813609
2180782
77778031
56529540
61702117
53908619
2423155
26641383
2581370
2342112
52756932
33543999
37117817
50201993
1885707
39438738
41903286
28583668
3850029
14542622
2916396
3502079
2147079
35755130
1659845
2139334
4196099
2689351
41165298
1382495
1411185
44267033
1021949
3594623
2962950
1890847
56100838
27945917
1517473
2791974
53062001
43943994
62826718
59532903
46725056
2042481
1911891
1585925
4311068
2430458
2236614
1543511
45147633
2987975
30707868
50067657
38686999
4562247
44402260
2001326
1568090
2200807
2860952
2074031
1918324
32433411
58154836
4427917
3154743
2072354
40439048
1210513
62529436
34369728
3954951
2401815
4849362
34966302
2578462
2170069
67288842
44519577
3972830
4213639
72983150
1180078
2441632
4335704
65445731
2525771
4550273
3843573
1665029
1133242
1047449
3478894
33044890
4217906
33869353
44123308
3239105
2901207
3758841
2073436
2806478
2653203
2745404
45519123
1137998
37910315
1412039
2323005
1389107
36322840
34973538
2802948
2315000
1113506
61460008
4690399
1369812
19730566
2014292
1555285
35592210
1382139
4425571
42169204
4099161
69526417
51449242
3722802
1226513
3305683
1817340
1190759
76153465
65927064
2646134
3989708
1085710
1587438
3466987
2684855
1854660
1365224
4104749
1999321
1421523
3375852
2326055
1178727
3172349
48045762
1801269
3182922
30730657
75952755
45420448
2014892
1219044
1727481
4506457
1253067
46475507
65914886
1751748
2073594
2525445
43485219
1476125
28890543
69922316
1218484
2228662
62778751
49762594
3471394
3170116
1183741
41756099
2698072
1886179
1225255
65060690
3534752
3060270
1973489
1747868
1459718
3472870
60480296
47795604
58430987
2610753
47236479
2032141
41951770
1341159
43764031
47019892
2815075
2244358
4085996
1753835
1429423
2161564
13246502
1410351
54693718
13820393
1167171
3002505
1001618
4007892
58453034
49418921
1048857
1559463
3677089
53465067
46138774
51979511
44699202
3563156
3174430
3591148
2915445
2687119
47961527
53683963
1579190
37464455
66775833
4342896
41610544
2904599
1168579
1390326
3432000
2784017
1035002
3084505
1357791
31711983
42806592
68186233
44262387
4571053
1103158
2315661
42886889
1661325
2307802
1092318
29483717
1537763
2003045
1297759
2119562
4426259
47608401
8348351
60522399
3095991
2155020
47015295
2487952
3613272
48200006
3036264
3489412
1218227
1194327
3950855
3045872
25879730
2909083
2288844
56502390
4483116
1553934
3065494
3828461
1120455
3152605
3486296
3647728
1019399
2099409
50607407
2293437
3290575
2180104
1448103
25294109
34517112
1687955
1978047
65310807
35726577
47572320
2139458
31332052
1097548
41918748
1617720
3285546
1753432
3804786
52759657
59322716
4651832
50497680
2558442
2537276
3064675
39181752
1672980
2284369
41150828
81979971
2356221
3882020
1360943
1206087
4264756
35248702
1275502
38223598
2002877
1048789
29895015
44451259
1531576
2082474
55795340
1927655
47297560
5397716
14407494
2241909
2837546
2285915
25256465
63715016
1168954
78810693
77381916
3522470
59417544
44270937
53834096
4280116
21873837
3514232
2206652
53363448
49680737
3677760
4370514
78778516
49721771
40820151
3680361
2854110
3136974
47666489
3106091
2203711
4111546
81848540
2743281
57118692
2961616
1465359
16462028
48002328
1290640
2055716
45137280
1879819
2576999
2705091
51253655
2274297
1561610
28421393
47898012
3980402
2944833
4666195
2076116
4131222
4654476
1231288
46484269
50586038
1487778
2632657
4489913
2215463
4013902
1426623
60674994
61541441
34369373
2406336
1809956
78239736
1315508
1366775
1495610
2251449
71770418
3499571
57247321
50679034
4469835
2160141
16420286
1210399
3351060
4068329
1501422
4637077
1775062
59249083
54949923
2746415
33202421
43648976
3813873
82315722
4012280
2880835
34747151
1401254
2445462
51756064
3031462
3479496
1303996
1228039
34456755
1462125
1406307
2536465
2325673
33334363
58275097
1581453
18638329
1400506
1022667
2242590
2628228
2691805
40235459
3861596
1064685
4470777
1390308
4711720
1215072
44555892
1848192
48031598
2032814
1693898
3314107
2997914
52751194
2913299
1072547
3835907
4826178
2847814
1317789
3307756
4384268
2876438
4395841
46638200
54537246
4213546
26171157
62090374
57560522
2290553
6890039
1544782
40220046
33409346
53488519
63774253
2521911
1429179
1122877
48080809
1667170
1296676
3676379
58696970
62797454
2678661
4192312
1522413
46856623
2892347
1051722
42105681
51161695
63896669
1236722
84423537
64962026
1427140
1662321
2569719
60810366
28488809
1902748
2608537
58508260
2880725
53194602
2547523
1835476
1469669
2105311
51234456
3414265
3932353
2377419
12908578
1073275
3345782
4817393
1662090
3296898
1728191
65284089
4070851
2458312
1731093
1446318
2363804
3547489
43910063
1212926
69635702
1248632
1731260
30033329
53436648
41011064
1541025
1890464
37222993
2712232
62504821
3747528
54098337
3079775
39096046
27234015
4098064
1446448
16359286
7636371
1966666
1423094
2907277
2226480
3700777
3177004
30590114
45264015
53593406
1233160
27404309
4823677
3488023
2342913
2480838
1444860
3553969
2686455
1225795
1258754
1304245
2280967
3136377
1427127
3278922
2269961
4292071
2527263
1404744
47688419
1828775
1112069
1412295
1080919
2095449
3697456
30226394
2005286
1481343
31409721
4696607
4371089
37120117
4366104
1209132
3639744
47765476
2697203
1458411
2810760
1049773
32994776
2246943
3972562
4111774
4456152
17221435
3494717
51396653
34029431
2814244
27445262
2695848
2433134
1009425
1122247
1225885
1239672
48204974
4902207
1166849
1132053
3593742
1291240
50324611
1183610
11390835
33331134
1770797
2188735
2027066
2138506
2465063
3701742
27712190
49774662
3344821
3462889
75081344
2298424
77869304
13055381
27576640
4553282
4365754
4507448
1066544
3776436
28349215
1666144
1225673
26769190
3754592
4391001
40964883
37254918
27002205
7462063
2812676
1092868
4910358
3499101
47526357
41339275
63829269
1395596
4573186
4152153
3791815
4068605
2341061
33379360
12859609
32821476
42114296
1972779
2724585
46092410
3512884
1048689
2215941
77155531
3396845
3727744
2327961
48933079
1089937
1119344
1171751
73806466
29988737
3992578
1388570
1168690
54185307
2852260
67911208
2154092
44101430
58329061
4648596
2096995
26896852
2424255
4629967
2564587
49318039
80713587
2497604
4101145
61425100
46834425
4289992
4455017
1000400
1259069
1085832
1678529
50937339
1961585
4697909
1290995
1439075
46823242
2571206
52465621
56048043
58316289
54728792
72098013
1243544
30335720
2221343
1670293
1109956
3684653
45866658
1904709
69998967
3096660
1222202
43704276
45627363
1523481
4743177
62598360
2113003
5897293
55703612
4423113
2180689
52631683
2622302
33072113
1307205
53459552
3249673
1379848
2690327
1226089
27209204
57948504
34692138
4315731
2106304
1043941
52674961
1855175
1189479
4519890
4282012
48319207
38362943
81587367
1428990
27599959
39560302
4714349
2389987
1225258
49285184
44620163
1536774
3184191
47644970
1510032
4267119
46316978
2958281
2935710
1205829
1874766
43171271
4711047
45765965
4273374
54069342
3810223
1129754
33952399
48582400
1170406
1083310
2713955
45090360
2512397
2805203
1817795
3465324
39081665
2580589
3241712
3436474
4398131
2892416
1225704
4367933
42082980
2389184
34651247
48205282
2341513
1760980
1473866
22936945
1989415
2247879
3453718
2181627
4217386
48114489
9976411
1437593
33637145
3847396
1147719
1823244
46087945
10139652
1734128
39167346
13936237
49115852
30196703
46528991
53377910
3155244
49999819
3976804
51938348
2800450
82073714
53135979
51824653
4667146
4017371
65576158
11556102
10801391
2602148
1255674
2524551
3515700
3453554
1420339
4149102
3304180
2314834
1954755
3097676
28178092
72871938
4344558
2067545
51738473
2262153
1522811
2233203
2673197
2853184
3104249
35336972
48968333
1067484
2882779
4868621
3657186
2067925
41189114
1505764
55995005
3137156
3299177
2029567
37945373
3377805
2847562
1792647
1510778
2249534
40609431
3078611
2599784
1437775
1081401
2830139
2057913
28887689
49618154
11752673
3796859
54521968
1197398
2181617
49531287
9697759
1513251
48084923
4725147
2803489
2027129
1681211
41860096
1665693
4210676
4323334
1278875
8897203
3420685
23932686
2276045
1535324
46184727
2908825
3146600
1430095
36471366
3551351
9641906
1196397
48273418
47105595
3270148
3911154
59434385
4468963
1854440
3510978
69312624
50445094
1958623
2103389
2124769
3363954
47152916
2788834
58382568
39961114
36099867
1778074
1284803
3982398
1727201
1126836
58773746
48365404
4755716
1524195
2244086
3259278
49380512
1413123
3466243
2054995
2351416
1453847
1757907
3396832
1256183
4440746
4698700
1351320
2927227
3493381
11484568
14008981
2340482
36333554
3746669
1744709
4215529
3659798
1444837
1138880
61393799
52005554
48620320
1230769
2458630
1717124
46189699
81414598
48584351
3757288
1359724
1613946
4325729
17437683
2445881
8140666
3294165
2392229
47876920
2240036
51063787
40621428
50801149
4536188
1350444
3499669
1099799
1743813
3599690
2857658
49318279
1552358
43972727
2318018
2015555
2239723
1050173
3441368
2963459
1000405
1276062
3006646
33857780
1862272
4272147
3179672
54381140
64211898
1077083
43036358
4380586
43063477
15020804
2851415
1942939
43223536
47849764
33061160
29197356
34177517
3238468
2479192
1139952
2970068
59548293
4517665
47640814
56996351
35185226
63535536
2312133
2767111
4278208
55868461
4673585
1486782
1018817
1108821
1694812
1587974
47123699
15829203
2183277
51455698
51837045
4759507
3808496
51107453
2285663
2315426
2502736
24787645
52848149
2630093
2869458
56658960
4076484
1380744
2061398
2678678
1079186
64823017
1168032
1399844
30112271
41545710
39426399
46518682
4522731
1877594
2378181
1838434
35709939
57625430
3563547
2773191
49477965
28852948
54971289
3231724
2166142
47343464
15846481
2886045
53380166
1617735
1214416
1707646
2271950
1708848
3016464
1499073
1673686
1739769
2791868
53169622
44585546
2740882
1397706
2892549
40500226
28923845
4272254
1062063
10224087
21466054
1306173
4227868
1786827
2628061
4572926
1232378
24428922
66961541
48295378
3490195
44861240
2832310
2677960
49213273
2637211
34925890
41044547
1205683
1152232
53253026
1460231
50862648
51174352
27305712
2073338
1331855
2490217
4279301
1085884
1940076
1056034
53678629
1291481
2699267
1299622
2230213
71932205
2209928
4658686
1468554
32815244
1231299
8684377
34567095
41418855
3131677
51888001
2177737
1337526
4689826
53297430
1727231
48866260
3575855
23341215
2831267
55989550
8065670
58082645
47993446
48474199
61191560
3558702
32587529
2584412
2249984
1943566
1257407
3498913
2660559
45519819
2189640
2676756
44077958
10225289
3014869
1175417
3844157
53118631
1530465
4702372
31036870
26133293
65617262
1061062
1566814
57767162
2592959
25999741
1100634
2043984
2626944
1246288
42181853
1778050
1355651
1332593
4814983
3440234
9469938
1086061
3038488
40598831
4630537
14196915
3972596
1520901
29132870
2208427
1104320
3529185
1909428
58234468
1189657
1743602
87800037
4241873
1679387
41899297
55661662
55278891
1001497
2343743
2326995
30175786
1163456
4710683
1374126
2921345
2872791
41952836
2084633
61782316
2177534
56221946
14975836
40662844
3003035
1109922
2923778
2978135
49340007
1127232
45686013
2836763
2727224
1348026
44954820
1390672
2793081
49565803
57776635
1234709
3695949
3333761
44004211
45914955
1728002
84329151
1095094
1817432
34504584
3127089
2166582
2260633
2522114
4885648
1529553
4615839
4401624
1403609
2711888
44875474
4740193
3122055
13864657
2135411
48011429
4038570
49559779
4295034
8859504
1159296
2342904
1653761
3117302
3656236
41754503
1066191
2579541
41372292
7704940
2610054
4574523
36121474
3150681
50423476
1385539
46666909
2860012
7847299
1456192
4223920
2628421
1161339
3191326
35151425
1523008
2748186
